// Job-specific Stat Bonuses Database
//
// Structure of Database:
// JobID,JobLv1,JobLv2,JobLv3,...
//
// Legend for 'JobLvN' fields:
//  0 = No stat bonus at this job level
//  1 = STR increased by 1 at this job level
//  2 = AGI increased by 1 at this job level
//  3 = VIT increased by 1 at this job level
//  4 = INT increased by 1 at this job level
//  5 = DEX increased by 1 at this job level
//  6 = LUK increased by 1 at this job level
//
//================================
// 4th Jobs
// Note: A tool was used to convert the tables shown on kRO's site to a usable format.
// Sadly there's quite a lot of error's on what the site shows as its not possible to get more then 1
// regular bonus stat per job level and thus the tool ends up missing on a lot of bonus stat placements.
// Even I can't tell where they go. Congrats gravity for screwing up on every table shown on your site.
//================================
// Dragon Knight
4252,1,5,2,5,2,3,6,4,1,5,4,2,3,3,0,1,5,4,2,5,6,0,2,1,3,4,5,6,6,1,4,3,2,0,5,1,4,2,0,6,0,3,4,5,6,0,4,0,2,3
// Meister
4253,1,1,1,3,4,1,1,3,1,1,3,1,4,2,2,1,2,3,3,1,4,3,4,2,2,5,5,2,6,0,3,3,4,4,0,6,0,5,5,5,0,0,3,3,0,6,6,6,6,0
// Shadow Cross
4254,1,1,2,1,0,2,1,5,4,0,2,0,2,3,1,0,1,0,2,5,3,4,3,5,1,5,1,6,2,4,2,2,2,2,3,2,3,4,4,5,5,5,3,5,5,6,6,6,0,0
// Arch Mage
4255,4,5,2,3,3,6,0,2,1,0,4,3,2,4,6,2,4,4,5,3,6,4,2,5,4,4,4,2,6,4,2,5,0,4,4,0,3,2,5,3,3,0,3,4,0,4,5,5,5,0
// Cardinal
4256,1,0,4,5,2,2,6,4,3,3,4,4,5,5,1,2,3,1,2,3,1,4,5,1,0,2,5,4,3,4,2,2,4,3,0,4,3,0,1,0,6,0,4,4,4,5,5,6,6,0
// Windhawk
4257,5,3,2,4,2,3,4,5,3,2,3,2,2,6,5,4,0,6,2,3,4,5,1,4,3,2,6,0,5,4,6,0,2,4,3,5,4,2,2,0,2,0,5,0,1,0,2,4,3,5
// Imperial Guard
4258,0,1,3,5,1,3,1,5,1,4,6,2,6,2,4,3,1,3,1,4,4,1,0,3,4,1,0,5,3,0,1,5,5,0,3,0,5,2,0,3,3,4,4,4,4,4,5,5,5,6
// Biolo
4259,4,4,5,0,3,2,5,3,2,4,3,4,4,5,0,3,6,1,3,5,2,4,5,4,4,3,4,0,5,2,0,6,0,5,1,1,3,4,0,2,1,3,6,5,4,4,0,2,6,1
// Abyss Chaser
4260,6,1,5,6,1,4,6,2,5,3,3,1,1,6,0,5,2,3,4,3,1,3,2,6,2,6,1,2,2,5,1,1,3,0,2,2,0,5,3,3,2,0,4,4,4,4,0,5,0,0
// Elemental Master
4261,4,4,3,1,4,4,2,4,1,5,4,3,5,3,4,3,6,4,5,2,2,5,3,1,6,0,3,4,3,5,2,0,4,5,1,0,3,4,4,4,0,5,5,5,0,6,6,6,0,0
// Inquisitor
4262,2,1,4,1,1,1,5,2,1,2,5,2,0,2,4,1,3,1,3,3,2,1,2,5,2,1,1,2,0,4,0,3,3,4,4,4,5,5,5,5,5,4,2,0,4,0,3,6,0,0
// Troubadour
4263,4,1,3,5,2,3,4,4,3,2,3,6,0,5,5,4,4,1,1,0,0,4,5,1,5,2,2,1,5,6,2,4,5,3,0,5,0,2,2,4,3,6,0,1,3,1,5,0,4,5
// Trouvere
4264,5,4,4,2,1,2,2,5,4,1,3,2,3,3,1,0,5,2,3,3,4,3,5,0,1,1,1,0,5,5,2,4,6,4,0,4,0,4,4,1,5,0,0,5,2,2,6,6,4,2
// Windhawk (Warg)
4278,5,3,2,4,2,3,4,5,3,2,3,2,2,6,5,4,0,6,2,3,4,5,1,4,3,2,6,0,5,4,6,0,2,4,3,5,4,2,2,0,2,0,5,0,1,0,2,4,3,5
// Meister (Mado)
4279,1,1,1,3,4,1,1,3,1,1,3,1,4,2,2,1,2,3,3,1,4,3,4,2,2,5,5,2,6,0,3,3,4,4,0,6,0,5,5,5,0,0,3,3,0,6,6,6,6,0
// Dragon Knight (Dragon)
4280,1,5,2,5,2,3,6,4,1,5,4,2,3,3,0,1,5,4,2,5,6,0,2,1,3,4,5,6,6,1,4,3,2,0,5,1,4,2,0,6,0,3,4,5,6,0,4,0,2,3
// Imperial Guard (Gryphon)
4281,0,1,3,5,1,3,1,5,1,4,6,2,6,2,4,3,1,3,1,4,4,1,0,3,4,1,0,5,3,0,1,5,5,0,3,0,5,2,0,3,3,4,4,4,4,4,5,5,5,6
//================================
// Expanded jobs are using temp bonus stats for now until I can get the official ones added in.
// For now they will use the bonus stats from their previous jobs.
//================================
// Sky Emperor
4302,1,5,0,0,2,0,4,1,6,0,5,1,2,0,4,6,3,0,1,5,2,0,1,3,4,0,5,0,2,5,1,0,0,5,2,6,3,5,1,0,2,3,1,0,5,0,2,1,0,5,0,0,0,0,0,1,0,0,2,0
// Soul Ascetic
4303,4,5,0,0,4,3,5,0,0,0,5,4,2,0,5,4,3,0,1,5,2,0,0,3,4,5,0,1,2,5,4,0,0,5,2,0,3,5,4,0,2,3,1,4,5,0,2,0,4,5,0,2,0,4,0,0,0,0,4,0
// Shinkiro
4304,5,0,4,0,2,3,0,1,6,0,5,1,2,0,4,6,3,0,1,5,2,0,6,3,4,0,5,0,2,0,1,4,0,5,4,0,3,5,1,0,2,4,1,0,5,6,2,1,0,5
// Shiranui
4305,5,0,4,0,2,3,0,1,6,0,5,1,2,0,4,6,3,0,1,5,2,0,6,3,4,0,5,0,2,0,1,4,0,5,4,0,3,5,1,0,2,4,1,0,5,6,2,1,0,5
// Night Watch
4306,0,5,0,4,0,3,5,4,2,6,0,0,3,4,0,2,5,4,3,6,0,0,3,5,1,4,2,0,0,6,3,0,5,4,1,0,0,5,0,2,6,0,5,3,4,0,0,0,0,1,2,6,0,4,5,0,2,0,0,0,0,0,0,0,0,0,0,0,0,0
// Hyper Novice
4307,1,2,0,3,0,4,5,0,6,0,1,2,0,3,0,4,5,0,6,0,1,2,0,3,0,4,5,0,6,0,1,2,0,3,0,4,5,0,6,0,1,2,0,3,0,4,5,0,6,0,1,2,0,3,0,4,5,0,6,0,1,2,4,5,0
// Spirit Handler
4308,5,0,3,0,5,3,0,2,4,0,2,4,5,0,2,4,5,0,2,4,5,0,6,3,5,0,2,0,6,0,4,5,0,6,0,4,6,0,2,0,5,4,3,0,5,6,3,2,0,5
// Sky Emperor (Union)
4316,1,5,0,0,2,0,4,1,6,0,5,1,2,0,4,6,3,0,1,5,2,0,1,3,4,0,5,0,2,5,1,0,0,5,2,6,3,5,1,0,2,3,1,0,5,0,2,1,0,5,0,0,0,0,0,1,0,0,2,0
