// Job-specific Values Database
//
// Structure of Database:
// JobID,Weight,HPFactor,HPMultiplicator,SPFactor,Unarmed,Dagger,1HSword,2HSword,1HSpear,2HSpear,1HAxe,2HAxe,1HMace,2HMace(unused),Rod,Bow,Knuckle,Instrument,Whip,Book,Katar,Revolver,Rifle,Gatling Gun,Shotgun,Grenade Launcher,Fuuma Shuriken,2HStaff,Shield
//================================
// 4th Jobs
// Note: All 4th jobs are currently using the values of their previous jobs since the official ones are unknown.
// This will be updated as more info comes in.
//================================
// Dragon Knight
4252,	35000,150  ,500  ,300  ,40  ,50  ,52  ,55  ,60  ,58  ,48  ,52  ,45  ,52  ,200 ,200 ,200 ,200 ,200 ,200 ,200 ,200 ,200 ,200 ,200 ,200 ,200 ,200 ,5
// Meister
4253,	38000,90   ,500  ,400  ,40  ,60  ,65  ,200 ,200 ,200 ,45  ,48  ,48  ,50  ,200 ,200 ,200 ,200 ,200 ,200 ,200 ,200 ,200 ,200 ,200 ,200 ,200 ,200 ,6
// Shadow Cross
4254,	32000,110  ,500  ,400  ,40  ,42  ,65  ,200 ,200 ,200 ,80  ,200 ,200 ,200 ,200 ,200 ,200 ,200 ,200 ,200 ,42  ,200 ,95  ,120 ,90  ,100 ,110 ,200 ,9
// Arch Mage
4255,	30000,55   ,500  ,900  ,45  ,52  ,60  ,200 ,200 ,200 ,200 ,200 ,200 ,200 ,50  ,200 ,200 ,200 ,200 ,200 ,200 ,200 ,200 ,200 ,200 ,200 ,200 ,56  ,5
// Cardinal
4256,	30000,75   ,500  ,800  ,45  ,200 ,200 ,200 ,200 ,200 ,200 ,200 ,45  ,45  ,60  ,200 ,50  ,200 ,200 ,44  ,200 ,200 ,200 ,200 ,200 ,200 ,200 ,55  ,5
// Windhawk
4257,	32000,85   ,500  ,400  ,40  ,50  ,200 ,200 ,200 ,200 ,200 ,200 ,200 ,200 ,200 ,49  ,200 ,200 ,200 ,200 ,200 ,200 ,200 ,200 ,200 ,200 ,200 ,200 ,8
// Imperial Guard
4258,	35000,110  ,700  ,400  ,40  ,47  ,45  ,53  ,50  ,50  ,48  ,52  ,44  ,50  ,200 ,200 ,200 ,200 ,200 ,200 ,200 ,200 ,200 ,200 ,200 ,200 ,200 ,200 ,5
// Biolo
4259,	32000,90   ,500  ,900  ,40  ,50  ,44  ,200 ,200 ,200 ,48  ,51  ,44  ,48  ,200 ,200 ,200 ,200 ,200 ,200 ,200 ,200 ,200 ,200 ,200 ,200 ,200 ,200 ,4
// Abyss Chaser
4260,	28000,85   ,500  ,400  ,40  ,43  ,47  ,200 ,200 ,200 ,200 ,200 ,200 ,200 ,200 ,47  ,200 ,200 ,200 ,200 ,200 ,200 ,200 ,200 ,200 ,200 ,200 ,200 ,4
// Elemental Master
4261,	30000,75   ,500  ,900  ,40  ,50  ,50  ,200 ,200 ,200 ,200 ,200 ,200 ,200 ,45  ,200 ,200 ,200 ,200 ,45  ,200 ,200 ,200 ,200 ,200 ,200 ,200 ,55  ,5
// Inquisitor
4262,	30000,90   ,650  ,400  ,38  ,200 ,200 ,200 ,200 ,200 ,200 ,200 ,43  ,45  ,48  ,200 ,39  ,200 ,200 ,200 ,200 ,200 ,200 ,200 ,200 ,200 ,200 ,50  ,5
// Troubadour
4263,	32000,75   ,300  ,400  ,40  ,52  ,200 ,200 ,200 ,200 ,200 ,200 ,200 ,200 ,200 ,49  ,200 ,44  ,200 ,200 ,200 ,200 ,200 ,200 ,200 ,200 ,200 ,200 ,7
// Trouvere
4264,	32000,75   ,300  ,400  ,40  ,52  ,200 ,200 ,200 ,200 ,200 ,200 ,200 ,200 ,200 ,49  ,200 ,200 ,44  ,200 ,200 ,200 ,200 ,200 ,200 ,200 ,200 ,200 ,7
// Windhawk (Warg)
4278,	32000,85   ,500  ,400  ,40  ,50  ,200 ,200 ,200 ,200 ,200 ,200 ,200 ,200 ,200 ,49  ,200 ,200 ,200 ,200 ,200 ,200 ,200 ,200 ,200 ,200 ,200 ,200 ,8
// Meister (Mado)
4279,	38000,90   ,500  ,400  ,40  ,60  ,65  ,200 ,200 ,200 ,45  ,48  ,48  ,50  ,200 ,200 ,200 ,200 ,200 ,200 ,200 ,200 ,200 ,200 ,200 ,200 ,200 ,200 ,6
// Dragon Knight (Dragon)
4280,	35000,150  ,500  ,300  ,40  ,50  ,52  ,55  ,60  ,58  ,48  ,52  ,45  ,52  ,200 ,200 ,200 ,200 ,200 ,200 ,200 ,200 ,200 ,200 ,200 ,200 ,200 ,200 ,5
// Imperial Guard (Gryphon)
4281,	35000,110  ,700  ,400  ,40  ,47  ,45  ,53  ,50  ,50  ,48  ,52  ,44  ,50  ,200 ,200 ,200 ,200 ,200 ,200 ,200 ,200 ,200 ,200 ,200 ,200 ,200 ,200 ,5
// Sky Emperor
4302,	28000,90   ,650  ,470  ,40  ,50  ,50  ,50  ,50  ,50  ,50  ,50  ,50  ,50  ,50  ,50  ,50  ,50  ,50  ,50  ,50  ,50  ,50  ,50  ,50  ,50  ,50  ,50  ,6
// Soul Ascetic
4303,	24000,75   ,500  ,900  ,50  ,50  ,200 ,200 ,200 ,200 ,200 ,200 ,200 ,200 ,53  ,200 ,200 ,200 ,200 ,200 ,200 ,200 ,200 ,200 ,200 ,200 ,200 ,55  ,8
// Shinkiro
4304,	26000,75   ,500  ,540  ,40  ,45  ,200 ,200 ,200 ,200 ,200 ,200 ,200 ,200 ,200 ,200 ,200 ,200 ,200 ,200 ,200 ,200 ,200 ,200 ,200 ,200 ,50  ,200 ,3
// Shiranui
4305,	26000,75   ,500  ,540  ,40  ,45  ,200 ,200 ,200 ,200 ,200 ,200 ,200 ,200 ,200 ,200 ,200 ,200 ,200 ,200 ,200 ,200 ,200 ,200 ,200 ,200 ,50  ,200 ,3
// Night Watch
4306,	28000,90   ,650  ,469  ,54  ,200 ,200 ,200 ,200 ,200 ,200 ,200 ,200 ,200 ,200 ,200 ,200 ,200 ,200 ,200 ,200 ,49  ,59  ,54  ,94  ,104 ,200 ,200 ,6
// Hyper Novice
4307,	20000,0    ,5000 ,500  ,40  ,55  ,57  ,200 ,200 ,200 ,50  ,200 ,50  ,55  ,65  ,200 ,200 ,200 ,200 ,200 ,200 ,200 ,200 ,200 ,200 ,200 ,200 ,65  ,10
// Spirit Handler
4308,	20000,70   ,500  ,500  ,40  ,200 ,200 ,200 ,200 ,200 ,200 ,200 ,200 ,200 ,60  ,200 ,200 ,200 ,200 ,200 ,200 ,200 ,200 ,200 ,200 ,200 ,200 ,200 ,7
// Sky Emperor (Union)
4316,	28000,90   ,650  ,470  ,40  ,50  ,50  ,50  ,50  ,50  ,50  ,50  ,50  ,50  ,50  ,50  ,50  ,50  ,50  ,50  ,50  ,50  ,50  ,50  ,50  ,50  ,50  ,50  ,6
