// Base HP/SP Tables
// Supports up to base level 500.
//
// Structure of Database:
// StartLevel,EndLevel,JobID,Type,Base value for Lv 1,2,3,4,5,6,7,8,9,10,11,12,13,14,15,16,17,18,19,20,21,22,23,24,25,26,27,28,29,30,31,32,33,34,35,36,37,38,39,40,41,42,43,44,45,46,47,48,49,50,51,52,53,54,55,56,57,58,59,60,61,62,63,64,65,66,67,68,69,70,71,72,73,74,75,76,77,78,79,80,81,82,83,84,85,86,87,88,89,90,91,92,93,94,95,96,97,98,99,100,101,102,103,104,105,106,107,108,109,110,111,112,113,114,115,116,117,118,119,120,121,122,123,124,125,126,127,128,129,130,131,132,133,134,135,136,137,138,139,140,141,142,143,144,145,146,147,148,149,150,151,152,153,154,155,156,157,158,159,160,161,162,163,164,165,166,167,168,169,170,171,172,173,174,175,176,177,178,179,180,181,182,183,184,185,186,187,188,189,190,191,192,193,194,195,196,197,198,199,200,201,202,203,204,205,206,207,208,209,210,211,212,213,214,215,216,217,218,219,220,221,222,223,224,225,226,227,228,229,230,231,232,233,234,235,236,237,238,239,240,241,242,243,244,245,246,247,248,249,250,251,252,253,254,255,256,257,258,259,260,261,262,263,264,265,266,267,268,269,270,271,272,273,274,275,276,277,278,279,280,281,282,283,284,285,286,287,288,289,290,291,292,293,294,295,296,297,298,299,300,301,302,303,304,305,306,307,308,309,310,311,312,313,314,315,316,317,318,319,320,321,322,323,324,325,326,327,328,329,330,331,332,333,334,335,336,337,338,339,340,341,342,343,344,345,346,347,348,349,350,351,352,353,354,355,356,357,358,359,360,361,362,363,364,365,366,367,368,369,370,371,372,373,374,375,376,377,378,379,380,381,382,383,384,385,386,387,388,389,390,391,392,393,394,395,396,397,398,399,400,401,402,403,404,405,406,407,408,409,410,411,412,413,414,415,416,417,418,419,420,421,422,423,424,425,426,427,428,429,430,431,432,433,434,435,436,437,438,439,440,441,442,443,444,445,446,447,448,449,450,451,452,453,454,455,456,457,458,459,460,461,462,463,464,465,466,467,468,469,470,471,472,473,474,475,476,477,478,479,480,481,482,483,484,485,486,487,488,489,490,491,492,493,494,495,496,497,498,499,500
//
// Type:
//	0 = BaseHP, 1 = BaseSP

//===============================
// Base HP Table
// According to base HP calculation on http://irowiki.org/wiki/Max_HP
//===============================

//Dragon Knight, Dragon Knight (Dragon)
1,500,4252:4280,0,1,2,3,4,5,6,7,8,9,10,11,12,13,14,15,16,17,18,19,20,21,22,23,24,25,26,27,28,29,30,31,32,33,34,35,36,37,38,39,40,41,42,43,44,45,46,47,48,49,50,51,52,53,54,55,56,57,58,59,60,61,62,63,64,65,66,67,68,69,70,71,72,73,74,75,76,77,78,79,80,81,82,83,84,85,86,87,88,89,90,91,92,93,94,95,96,97,98,8100,8133,8242,8352,8464,8576,8690,8804,8920,9036,9154,9273,9393,9514,9636,9759,9883,10008,10134,10261,10389,10518,10648,10779,10912,11045,11180,11315,11452,11589,11728,11868,12009,12151,12294,12438,12583,12729,12876,13024,13173,13323,13474,13626,13780,13934,14090,14246,14404,14562,14722,14883,15042,15100,15260,15321,15481,15541,15600,15760,15820,15980,16141,16303,16466,16630,16795,16961,17128,17296,17465,17635,17806,17978,18151,18325,18500,18675,18850,19025,19200,19375,19550,19725,19900,20075,20250,20425,20600,20775,20950,21125,21300,21475,21650,21825,22000,22175,22350,22525,22700,22875,23050,23225,23400,23575,23750,23925,24100,24275,24450,24625,24800,24975,25150,25325,25500,25675,25850,26025,26200,26375,26550,26725,26900,27075,27250,27425,27600,27775,27950,28125,28300,28475,28650,28825,29000,29175,29350,29525,29700,29875,30050,30225,30400,30575,30750,30925,31100,31275,31450,31625,31800,31975,32150,32325,32500,32675,32850,33025,33200,33375,33550,33725,33900,34075,34250,34425,34600,34775,34950,35125,35300,35475,35650,35825,36000,36175,36350,36525,36700,36875,37050,37225,37400,37575,37750,37925,38100,38275,38450,38625,38800,38975,39150,39325,39500,39675,39850,40025,40200,40375,40550,40725,40900,41075,41250,41425,41600,41775,41950,42125,42300,42475,42650,42825,43000,43175,43350,43525,43700,43875,44050,44225,44400,44575,44750,44925,45100,45275,45450,45625,45800,45975,46150,46325,46500,46675,46850,47025,47200,47375,47550,47725,47900,48075,48250,48425,48600,48775,48950,49125,49300,49475,49650,49825,50000,50175,50350,50525,50700,50875,51050,51225,51400,51575,51750,51925,52100,52275,52450,52625,52800,52975,53150,53325,53500,53675,53850,54025,54200,54375,54550,54725,54900,55075,55250,55425,55600,55775,55950,56125,56300,56475,56650,56825,57000,57175,57350,57525,57700,57875,58050,58225,58400,58575,58750,58925,59100,59275,59450,59625,59800,59975,60150,60325,60500,60675,60850,61025,61200,61375,61550,61725,61900,62075,62250,62425,62600,62775,62950,63125,63300,63475,63650,63825,64000,64175,64350,64525,64700,64875,65050,65225,65400,65575,65750,65925,66100,66275,66450,66625,66800,66975,67150,67325,67500,67675,67850,68025,68200,68375,68550,68725,68900,69075,69250,69425,69600,69775,69950,70125,70300,70475,70650,70825,71000,71175,71350,71525,71700,71875,72050,72225,72400,72575,72750,72925,73100,73275,73450,73625,73800,73975,74150,74325,74500,74675,74850,75025,75200,75375

//Meister, Meister (Mado)
1,500,4253:4279,0,1,2,3,4,5,6,7,8,9,10,11,12,13,14,15,16,17,18,19,20,21,22,23,24,25,26,27,28,29,30,31,32,33,34,35,36,37,38,39,40,41,42,43,44,45,46,47,48,49,50,51,52,53,54,55,56,57,58,59,60,61,62,63,64,65,66,67,68,69,70,71,72,73,74,75,76,77,78,79,80,81,82,83,84,85,86,87,88,89,90,91,92,93,94,95,96,97,98,5807,5844,5952,6061,6172,6283,6396,6510,6625,6741,6857,6974,7093,7212,7333,7455,7578,7702,7828,7954,8081,8208,8337,8467,8598,8730,8864,8998,9134,9271,9408,9546,9685,9825,9967,10109,10253,10398,10544,10691,10838,10987,11136,11287,11439,11592,11746,11901,12057,12215,12372,12531,12688,12845,13003,13160,13318,13475,13633,13790,13948,14105,14266,14428,14591,14755,14920,15086,15253,15421,15590,15760,15931,16103,16276,16450,16625,16800,16975,17150,17325,17500,17675,17850,18025,18200,18375,18550,18725,18900,19075,19250,19425,19600,19775,19950,20125,20300,20475,20650,20825,21000,21175,21350,21525,21700,21875,22050,22225,22400,22575,22750,22925,23100,23275,23450,23625,23800,23975,24150,24325,24500,24675,24850,25025,25200,25375,25550,25725,25900,26075,26250,26425,26600,26775,26950,27125,27300,27475,27650,27825,28000,28175,28350,28525,28700,28875,29050,29225,29400,29575,29750,29925,30100,30275,30450,30625,30800,30975,31150,31325,31500,31675,31850,32025,32200,32375,32550,32725,32900,33075,33250,33425,33600,33775,33950,34125,34300,34475,34650,34825,35000,35175,35350,35525,35700,35875,36050,36225,36400,36575,36750,36925,37100,37275,37450,37625,37800,37975,38150,38325,38500,38675,38850,39025,39200,39375,39550,39725,39900,40075,40250,40425,40600,40775,40950,41125,41300,41475,41650,41825,42000,42175,42350,42525,42700,42875,43050,43225,43400,43575,43750,43925,44100,44275,44450,44625,44800,44975,45150,45325,45500,45675,45850,46025,46200,46375,46550,46725,46900,47075,47250,47425,47600,47775,47950,48125,48300,48475,48650,48825,49000,49175,49350,49525,49700,49875,50050,50225,50400,50575,50750,50925,51100,51275,51450,51625,51800,51975,52150,52325,52500,52675,52850,53025,53200,53375,53550,53725,53900,54075,54250,54425,54600,54775,54950,55125,55300,55475,55650,55825,56000,56175,56350,56525,56700,56875,57050,57225,57400,57575,57750,57925,58100,58275,58450,58625,58800,58975,59150,59325,59500,59675,59850,60025,60200,60375,60550,60725,60900,61075,61250,61425,61600,61775,61950,62125,62300,62475,62650,62825,63000,63175,63350,63525,63700,63875,64050,64225,64400,64575,64750,64925,65100,65275,65450,65625,65800,65975,66150,66325,66500,66675,66850,67025,67200,67375,67550,67725,67900,68075,68250,68425,68600,68775,68950,69125,69300,69475,69650,69825,70000,70175,70350,70525,70700,70875,71050,71225,71400,71575,71750,71925,72100,72275,72450,72625,72800,72975,73150,73325,73500

//Shadow Cross
1,500,4254,0,1,2,3,4,5,6,7,8,9,10,11,12,13,14,15,16,17,18,19,20,21,22,23,24,25,26,27,28,29,30,31,32,33,34,35,36,37,38,39,40,41,42,43,44,45,46,47,48,49,50,51,52,53,54,55,56,57,58,59,60,61,62,63,64,65,66,67,68,69,70,71,72,73,74,75,76,77,78,79,80,81,82,83,84,85,86,87,88,89,90,91,92,93,94,95,96,97,98,6050,6093,6208,6324,6441,6559,6678,6798,6920,7043,7167,7292,7418,7545,7673,7802,7932,8063,8196,8330,8465,8601,8738,8876,9015,9155,9296,9438,9582,9727,9873,10020,10168,10317,10467,10618,10770,10923,11078,11234,11391,11549,11708,11868,12029,12191,12354,12518,12684,12851,13019,13188,13351,13518,13684,13850,14016,14182,14349,14515,14681,14830,14966,15103,15241,15380,15520,15661,15803,15946,16090,16235,16381,16528,16676,16825,16975,17125,17275,17425,17575,17725,17875,18025,18175,18325,18475,18625,18775,18925,19075,19225,19375,19525,19675,19825,19975,20125,20275,20425,20575,20725,20875,21025,21175,21325,21475,21625,21775,21925,22075,22225,22375,22525,22675,22825,22975,23125,23275,23425,23575,23725,23875,24025,24175,24325,24475,24625,24775,24925,25075,25225,25375,25525,25675,25825,25975,26125,26275,26425,26575,26725,26875,27025,27175,27325,27475,27625,27775,27925,28075,28225,28375,28525,28675,28825,28975,29125,29275,29425,29575,29725,29875,30025,30175,30325,30475,30625,30775,30925,31075,31225,31375,31525,31675,31825,31975,32125,32275,32425,32575,32725,32875,33025,33175,33325,33475,33625,33775,33925,34075,34225,34375,34525,34675,34825,34975,35125,35275,35425,35575,35725,35875,36025,36175,36325,36475,36625,36775,36925,37075,37225,37375,37525,37675,37825,37975,38125,38275,38425,38575,38725,38875,39025,39175,39325,39475,39625,39775,39925,40075,40225,40375,40525,40675,40825,40975,41125,41275,41425,41575,41725,41875,42025,42175,42325,42475,42625,42775,42925,43075,43225,43375,43525,43675,43825,43975,44125,44275,44425,44575,44725,44875,45025,45175,45325,45475,45625,45775,45925,46075,46225,46375,46525,46675,46825,46975,47125,47275,47425,47575,47725,47875,48025,48175,48325,48475,48625,48775,48925,49075,49225,49375,49525,49675,49825,49975,50125,50275,50425,50575,50725,50875,51025,51175,51325,51475,51625,51775,51925,52075,52225,52375,52525,52675,52825,52975,53125,53275,53425,53575,53725,53875,54025,54175,54325,54475,54625,54775,54925,55075,55225,55375,55525,55675,55825,55975,56125,56275,56425,56575,56725,56875,57025,57175,57325,57475,57625,57775,57925,58075,58225,58375,58525,58675,58825,58975,59125,59275,59425,59575,59725,59875,60025,60175,60325,60475,60625,60775,60925,61075,61225,61375,61525,61675,61825,61975,62125,62275,62425,62575,62725,62875,63025,63175,63325,63475,63625,63775,63925,64075,64225,64375,64525,64675,64825,64975,65125,65275,65425,65575,65725

//Arch Mage
1,500,4255,0,1,2,3,4,5,6,7,8,9,10,11,12,13,14,15,16,17,18,19,20,21,22,23,24,25,26,27,28,29,30,31,32,33,34,35,36,37,38,39,40,41,42,43,44,45,46,47,48,49,50,51,52,53,54,55,56,57,58,59,60,61,62,63,64,65,66,67,68,69,70,71,72,73,74,75,76,77,78,79,80,81,82,83,84,85,86,87,88,89,90,91,92,93,94,95,96,97,98,3200,3313,3383,3455,3528,3601,3675,3749,3824,3899,3975,4051,4129,4208,4287,4367,4447,4528,4609,4691,4773,4857,4941,5026,5112,5198,5285,5372,5460,5548,5638,5728,5819,5911,6003,6096,6189,6283,6377,6473,6569,6666,6763,6861,6960,7059,7159,7259,7361,7463,7566,7669,7771,7874,7976,8079,8181,8284,8386,8489,8591,8730,8891,9053,9216,9380,9545,9711,9878,10046,10215,10385,10556,10728,10901,11075,11250,11425,11600,11775,11950,12125,12300,12475,12650,12825,13000,13175,13350,13525,13700,13875,14050,14225,14400,14575,14750,14925,15100,15275,15450,15625,15800,15975,16150,16325,16500,16675,16850,17025,17200,17375,17550,17725,17900,18075,18250,18425,18600,18775,18950,19125,19300,19475,19650,19825,20000,20175,20350,20525,20700,20875,21050,21225,21400,21575,21750,21925,22100,22275,22450,22625,22800,22975,23150,23325,23500,23675,23850,24025,24200,24375,24550,24725,24900,25075,25250,25425,25600,25775,25950,26125,26300,26475,26650,26825,27000,27175,27350,27525,27700,27875,28050,28225,28400,28575,28750,28925,29100,29275,29450,29625,29800,29975,30150,30325,30500,30675,30850,31025,31200,31375,31550,31725,31900,32075,32250,32425,32600,32775,32950,33125,33300,33475,33650,33825,34000,34175,34350,34525,34700,34875,35050,35225,35400,35575,35750,35925,36100,36275,36450,36625,36800,36975,37150,37325,37500,37675,37850,38025,38200,38375,38550,38725,38900,39075,39250,39425,39600,39775,39950,40125,40300,40475,40650,40825,41000,41175,41350,41525,41700,41875,42050,42225,42400,42575,42750,42925,43100,43275,43450,43625,43800,43975,44150,44325,44500,44675,44850,45025,45200,45375,45550,45725,45900,46075,46250,46425,46600,46775,46950,47125,47300,47475,47650,47825,48000,48175,48350,48525,48700,48875,49050,49225,49400,49575,49750,49925,50100,50275,50450,50625,50800,50975,51150,51325,51500,51675,51850,52025,52200,52375,52550,52725,52900,53075,53250,53425,53600,53775,53950,54125,54300,54475,54650,54825,55000,55175,55350,55525,55700,55875,56050,56225,56400,56575,56750,56925,57100,57275,57450,57625,57800,57975,58150,58325,58500,58675,58850,59025,59200,59375,59550,59725,59900,60075,60250,60425,60600,60775,60950,61125,61300,61475,61650,61825,62000,62175,62350,62525,62700,62875,63050,63225,63400,63575,63750,63925,64100,64275,64450,64625,64800,64975,65150,65325,65500,65675,65850,66025,66200,66375,66550,66725,66900,67075,67250,67425,67600,67775,67950,68125

//Cardinal
1,500,4256,0,1,2,3,4,5,6,7,8,9,10,11,12,13,14,15,16,17,18,19,20,21,22,23,24,25,26,27,28,29,30,31,32,33,34,35,36,37,38,39,40,41,42,43,44,45,46,47,48,49,50,51,52,53,54,55,56,57,58,59,60,61,62,63,64,65,66,67,68,69,70,71,72,73,74,75,76,77,78,79,80,81,82,83,84,85,86,87,88,89,90,91,92,93,94,95,96,97,98,4300,4333,4412,4491,4570,4649,4728,4807,4886,4965,5044,5123,5202,5281,5360,5439,5518,5597,5676,5755,5834,5913,5992,6071,6150,6229,6308,6387,6466,6545,6624,6703,6782,6861,6940,7019,7098,7177,7256,7335,7414,7493,7572,7651,7730,7809,7888,7967,8046,8125,8204,8283,8362,8441,8520,8599,8678,8757,8836,8915,8994,9115,9276,9438,9601,9765,9930,10096,10263,10431,10600,10770,10941,11113,11286,11460,11635,11810,11985,12160,12335,12510,12685,12860,13035,13210,13385,13560,13735,13910,14085,14260,14435,14610,14785,14960,15135,15310,15485,15660,15835,16010,16185,16360,16535,16710,16885,17060,17235,17410,17585,17760,17935,18110,18285,18460,18635,18810,18985,19160,19335,19510,19685,19860,20035,20210,20385,20560,20735,20910,21085,21260,21435,21610,21785,21960,22135,22310,22485,22660,22835,23010,23185,23360,23535,23710,23885,24060,24235,24410,24585,24760,24935,25110,25285,25460,25635,25810,25985,26160,26335,26510,26685,26860,27035,27210,27385,27560,27735,27910,28085,28260,28435,28610,28785,28960,29135,29310,29485,29660,29835,30010,30185,30360,30535,30710,30885,31060,31235,31410,31585,31760,31935,32110,32285,32460,32635,32810,32985,33160,33335,33510,33685,33860,34035,34210,34385,34560,34735,34910,35085,35260,35435,35610,35785,35960,36135,36310,36485,36660,36835,37010,37185,37360,37535,37710,37885,38060,38235,38410,38585,38760,38935,39110,39285,39460,39635,39810,39985,40160,40335,40510,40685,40860,41035,41210,41385,41560,41735,41910,42085,42260,42435,42610,42785,42960,43135,43310,43485,43660,43835,44010,44185,44360,44535,44710,44885,45060,45235,45410,45585,45760,45935,46110,46285,46460,46635,46810,46985,47160,47335,47510,47685,47860,48035,48210,48385,48560,48735,48910,49085,49260,49435,49610,49785,49960,50135,50310,50485,50660,50835,51010,51185,51360,51535,51710,51885,52060,52235,52410,52585,52760,52935,53110,53285,53460,53635,53810,53985,54160,54335,54510,54685,54860,55035,55210,55385,55560,55735,55910,56085,56260,56435,56610,56785,56960,57135,57310,57485,57660,57835,58010,58185,58360,58535,58710,58885,59060,59235,59410,59585,59760,59935,60110,60285,60460,60635,60810,60985,61160,61335,61510,61685,61860,62035,62210,62385,62560,62735,62910,63085,63260,63435,63610,63785,63960,64135,64310,64485,64660,64835,65010,65185,65360,65535,65710,65885,66060,66235,66410,66585,66760,66935,67110,67285,67460,67635,67810,67985,68160,68335,68510

//Windhawk, Windhawk (Warg)
1,500,4257:4278,0,1,2,3,4,5,6,7,8,9,10,11,12,13,14,15,16,17,18,19,20,21,22,23,24,25,26,27,28,29,30,31,32,33,34,35,36,37,38,39,40,41,42,43,44,45,46,47,48,49,50,51,52,53,54,55,56,57,58,59,60,61,62,63,64,65,66,67,68,69,70,71,72,73,74,75,76,77,78,79,80,81,82,83,84,85,86,87,88,89,90,91,92,93,94,95,96,97,98,4800,4828,4918,5009,5101,5194,5288,5382,5477,5573,5670,5768,5867,5967,6068,6170,6273,6377,6482,6588,6694,6801,6909,7018,7128,7239,7351,7464,7578,7693,7809,7926,8044,8162,8281,8401,8522,8644,8767,8891,9016,9142,9269,9397,9526,9656,9786,9917,10049,10182,10316,10451,10585,10719,10853,10987,11121,11255,11389,11523,11657,11790,11926,12063,12201,12340,12480,12621,12763,12906,13050,13195,13341,13488,13636,13785,13935,14085,14235,14385,14535,14685,14835,14985,15135,15285,15435,15585,15735,15885,16035,16185,16335,16485,16635,16785,16935,17085,17235,17385,17535,17685,17835,17985,18135,18285,18435,18585,18735,18885,19035,19185,19335,19485,19635,19785,19935,20085,20235,20385,20535,20685,20835,20985,21135,21285,21435,21585,21735,21885,22035,22185,22335,22485,22635,22785,22935,23085,23235,23385,23535,23685,23835,23985,24135,24285,24435,24585,24735,24885,25035,25185,25335,25485,25635,25785,25935,26085,26235,26385,26535,26685,26835,26985,27135,27285,27435,27585,27735,27885,28035,28185,28335,28485,28635,28785,28935,29085,29235,29385,29535,29685,29835,29985,30135,30285,30435,30585,30735,30885,31035,31185,31335,31485,31635,31785,31935,32085,32235,32385,32535,32685,32835,32985,33135,33285,33435,33585,33735,33885,34035,34185,34335,34485,34635,34785,34935,35085,35235,35385,35535,35685,35835,35985,36135,36285,36435,36585,36735,36885,37035,37185,37335,37485,37635,37785,37935,38085,38235,38385,38535,38685,38835,38985,39135,39285,39435,39585,39735,39885,40035,40185,40335,40485,40635,40785,40935,41085,41235,41385,41535,41685,41835,41985,42135,42285,42435,42585,42735,42885,43035,43185,43335,43485,43635,43785,43935,44085,44235,44385,44535,44685,44835,44985,45135,45285,45435,45585,45735,45885,46035,46185,46335,46485,46635,46785,46935,47085,47235,47385,47535,47685,47835,47985,48135,48285,48435,48585,48735,48885,49035,49185,49335,49485,49635,49785,49935,50085,50235,50385,50535,50685,50835,50985,51135,51285,51435,51585,51735,51885,52035,52185,52335,52485,52635,52785,52935,53085,53235,53385,53535,53685,53835,53985,54135,54285,54435,54585,54735,54885,55035,55185,55335,55485,55635,55785,55935,56085,56235,56385,56535,56685,56835,56985,57135,57285,57435,57585,57735,57885,58035,58185,58335,58485,58635,58785,58935,59085,59235,59385,59535,59685,59835,59985,60135,60285,60435,60585,60735,60885,61035,61185,61335,61485,61635,61785,61935,62085,62235,62385,62535,62685

//Imperial Guard, Imperial Guard (Gryphon)
1,500,4258:4281,0,1,2,3,4,5,6,7,8,9,10,11,12,13,14,15,16,17,18,19,20,21,22,23,24,25,26,27,28,29,30,31,32,33,34,35,36,37,38,39,40,41,42,43,44,45,46,47,48,49,50,51,52,53,54,55,56,57,58,59,60,61,62,63,64,65,66,67,68,69,70,71,72,73,74,75,76,77,78,79,80,81,82,83,84,85,86,87,88,89,90,91,92,93,94,95,96,97,98,6050,6093,6208,6324,6441,6559,6678,6798,6920,7043,7167,7292,7418,7545,7673,7802,7932,8063,8196,8330,8465,8601,8738,8876,9015,9155,9296,9438,9582,9727,9873,10020,10168,10317,10467,10618,10770,10923,11078,11234,11391,11549,11708,11868,12029,12191,12354,12518,12684,12851,13019,13188,13355,13522,13690,13857,14025,14192,14360,14527,14695,14860,15021,15183,15346,15510,15675,15841,16008,16176,16345,16515,16686,16858,17031,17205,17380,17555,17730,17905,18080,18255,18430,18605,18780,18955,19130,19305,19480,19655,19830,20005,20180,20355,20530,20705,20880,21055,21230,21405,21580,21755,21930,22105,22280,22455,22630,22805,22980,23155,23330,23505,23680,23855,24030,24205,24380,24555,24730,24905,25080,25255,25430,25605,25780,25955,26130,26305,26480,26655,26830,27005,27180,27355,27530,27705,27880,28055,28230,28405,28580,28755,28930,29105,29280,29455,29630,29805,29980,30155,30330,30505,30680,30855,31030,31205,31380,31555,31730,31905,32080,32255,32430,32605,32780,32955,33130,33305,33480,33655,33830,34005,34180,34355,34530,34705,34880,35055,35230,35405,35580,35755,35930,36105,36280,36455,36630,36805,36980,37155,37330,37505,37680,37855,38030,38205,38380,38555,38730,38905,39080,39255,39430,39605,39780,39955,40130,40305,40480,40655,40830,41005,41180,41355,41530,41705,41880,42055,42230,42405,42580,42755,42930,43105,43280,43455,43630,43805,43980,44155,44330,44505,44680,44855,45030,45205,45380,45555,45730,45905,46080,46255,46430,46605,46780,46955,47130,47305,47480,47655,47830,48005,48180,48355,48530,48705,48880,49055,49230,49405,49580,49755,49930,50105,50280,50455,50630,50805,50980,51155,51330,51505,51680,51855,52030,52205,52380,52555,52730,52905,53080,53255,53430,53605,53780,53955,54130,54305,54480,54655,54830,55005,55180,55355,55530,55705,55880,56055,56230,56405,56580,56755,56930,57105,57280,57455,57630,57805,57980,58155,58330,58505,58680,58855,59030,59205,59380,59555,59730,59905,60080,60255,60430,60605,60780,60955,61130,61305,61480,61655,61830,62005,62180,62355,62530,62705,62880,63055,63230,63405,63580,63755,63930,64105,64280,64455,64630,64805,64980,65155,65330,65505,65680,65855,66030,66205,66380,66555,66730,66905,67080,67255,67430,67605,67780,67955,68130,68305,68480,68655,68830,69005,69180,69355,69530,69705,69880,70055,70230,70405,70580,70755,70930,71105,71280,71455,71630,71805,71980,72155,72330,72505,72680,72855,73030,73205,73380,73555,73730,73905,74080,74255

//Biolo
1,500,4259,0,1,2,3,4,5,6,7,8,9,10,11,12,13,14,15,16,17,18,19,20,21,22,23,24,25,26,27,28,29,30,31,32,33,34,35,36,37,38,39,40,41,42,43,44,45,46,47,48,49,50,51,52,53,54,55,56,57,58,59,60,61,62,63,64,65,66,67,68,69,70,71,72,73,74,75,76,77,78,79,80,81,82,83,84,85,86,87,88,89,90,91,92,93,94,95,96,97,98,4730,4766,4853,4940,5027,5113,5200,5287,5374,5461,5548,5635,5722,5809,5896,5982,6069,6156,6243,6330,6417,6504,6591,6678,6765,6851,6938,7025,7112,7199,7286,7373,7460,7547,7634,7720,7807,7894,7981,8068,8155,8242,8329,8416,8503,8589,8676,8763,8850,8937,9024,9111,9198,9285,9372,9459,9546,9633,9720,9807,9894,9980,10141,10303,10466,10630,10795,10961,11128,11296,11465,11635,11806,11978,12151,12325,12500,12675,12850,13025,13200,13375,13550,13725,13900,14075,14250,14425,14600,14775,14950,15125,15300,15475,15650,15825,16000,16175,16350,16525,16700,16875,17050,17225,17400,17575,17750,17925,18100,18275,18450,18625,18800,18975,19150,19325,19500,19675,19850,20025,20200,20375,20550,20725,20900,21075,21250,21425,21600,21775,21950,22125,22300,22475,22650,22825,23000,23175,23350,23525,23700,23875,24050,24225,24400,24575,24750,24925,25100,25275,25450,25625,25800,25975,26150,26325,26500,26675,26850,27025,27200,27375,27550,27725,27900,28075,28250,28425,28600,28775,28950,29125,29300,29475,29650,29825,30000,30175,30350,30525,30700,30875,31050,31225,31400,31575,31750,31925,32100,32275,32450,32625,32800,32975,33150,33325,33500,33675,33850,34025,34200,34375,34550,34725,34900,35075,35250,35425,35600,35775,35950,36125,36300,36475,36650,36825,37000,37175,37350,37525,37700,37875,38050,38225,38400,38575,38750,38925,39100,39275,39450,39625,39800,39975,40150,40325,40500,40675,40850,41025,41200,41375,41550,41725,41900,42075,42250,42425,42600,42775,42950,43125,43300,43475,43650,43825,44000,44175,44350,44525,44700,44875,45050,45225,45400,45575,45750,45925,46100,46275,46450,46625,46800,46975,47150,47325,47500,47675,47850,48025,48200,48375,48550,48725,48900,49075,49250,49425,49600,49775,49950,50125,50300,50475,50650,50825,51000,51175,51350,51525,51700,51875,52050,52225,52400,52575,52750,52925,53100,53275,53450,53625,53800,53975,54150,54325,54500,54675,54850,55025,55200,55375,55550,55725,55900,56075,56250,56425,56600,56775,56950,57125,57300,57475,57650,57825,58000,58175,58350,58525,58700,58875,59050,59225,59400,59575,59750,59925,60100,60275,60450,60625,60800,60975,61150,61325,61500,61675,61850,62025,62200,62375,62550,62725,62900,63075,63250,63425,63600,63775,63950,64125,64300,64475,64650,64825,65000,65175,65350,65525,65700,65875,66050,66225,66400,66575,66750,66925,67100,67275,67450,67625,67800,67975,68150,68325,68500,68675,68850,69025,69200,69375

//Abyss Chaser
1,500,4260,0,1,2,3,4,5,6,7,8,9,10,11,12,13,14,15,16,17,18,19,20,21,22,23,24,25,26,27,28,29,30,31,32,33,34,35,36,37,38,39,40,41,42,43,44,45,46,47,48,49,50,51,52,53,54,55,56,57,58,59,60,61,62,63,64,65,66,67,68,69,70,71,72,73,74,75,76,77,78,79,80,81,82,83,84,85,86,87,88,89,90,91,92,93,94,95,96,97,98,6050,6093,6208,6324,6441,6559,6678,6798,6920,7043,7167,7292,7418,7545,7673,7802,7932,8063,8196,8330,8465,8601,8738,8876,9015,9155,9296,9438,9582,9727,9873,10020,10168,10317,10467,10618,10770,10923,11078,11234,11391,11549,11708,11868,12029,12191,12354,12518,12684,12851,13019,13188,13300,13420,13500,13600,13700,13800,13900,14000,14100,14200,14301,14403,14506,14610,14715,14821,14928,15036,15145,15255,15366,15478,15591,15705,15820,15935,16050,16165,16280,16395,16510,16625,16740,16855,16970,17085,17200,17315,17430,17545,17660,17775,17890,18005,18120,18235,18350,18465,18580,18695,18810,18925,19040,19155,19270,19385,19500,19615,19730,19845,19960,20075,20190,20305,20420,20535,20650,20765,20880,20995,21110,21225,21340,21455,21570,21685,21800,21915,22030,22145,22260,22375,22490,22605,22720,22835,22950,23065,23180,23295,23410,23525,23640,23755,23870,23985,24100,24215,24330,24445,24560,24675,24790,24905,25020,25135,25250,25365,25480,25595,25710,25825,25940,26055,26170,26285,26400,26515,26630,26745,26860,26975,27090,27205,27320,27435,27550,27665,27780,27895,28010,28125,28240,28355,28470,28585,28700,28815,28930,29045,29160,29275,29390,29505,29620,29735,29850,29965,30080,30195,30310,30425,30540,30655,30770,30885,31000,31115,31230,31345,31460,31575,31690,31805,31920,32035,32150,32265,32380,32495,32610,32725,32840,32955,33070,33185,33300,33415,33530,33645,33760,33875,33990,34105,34220,34335,34450,34565,34680,34795,34910,35025,35140,35255,35370,35485,35600,35715,35830,35945,36060,36175,36290,36405,36520,36635,36750,36865,36980,37095,37210,37325,37440,37555,37670,37785,37900,38015,38130,38245,38360,38475,38590,38705,38820,38935,39050,39165,39280,39395,39510,39625,39740,39855,39970,40085,40200,40315,40430,40545,40660,40775,40890,41005,41120,41235,41350,41465,41580,41695,41810,41925,42040,42155,42270,42385,42500,42615,42730,42845,42960,43075,43190,43305,43420,43535,43650,43765,43880,43995,44110,44225,44340,44455,44570,44685,44800,44915,45030,45145,45260,45375,45490,45605,45720,45835,45950,46065,46180,46295,46410,46525,46640,46755,46870,46985,47100,47215,47330,47445,47560,47675,47790,47905,48020,48135,48250,48365,48480,48595,48710,48825,48940,49055,49170,49285,49400,49515,49630,49745,49860,49975,50090,50205,50320,50435,50550,50665,50780,50895,51010,51125,51240,51355,51470,51585,51700,51815,51930,52045,52160,52275,52390,52505,52620,52735,52850,52965,53080,53195

//Elemental Master
1,500,4261,0,1,2,3,4,5,6,7,8,9,10,11,12,13,14,15,16,17,18,19,20,21,22,23,24,25,26,27,28,29,30,31,32,33,34,35,36,37,38,39,40,41,42,43,44,45,46,47,48,49,50,51,52,53,54,55,56,57,58,59,60,61,62,63,64,65,66,67,68,69,70,71,72,73,74,75,76,77,78,79,80,81,82,83,84,85,86,87,88,89,90,91,92,93,94,95,96,97,98,4080,4103,4180,4257,4335,4414,4494,4574,4655,4737,4819,4902,4986,5071,5157,5244,5332,5420,5509,5599,5689,5780,5872,5965,6058,6153,6248,6344,6441,6539,6637,6737,6837,6937,7038,7140,7243,7347,7451,7557,7663,7770,7878,7987,8097,8207,8318,8429,8541,8654,8768,8883,8994,9107,9220,9280,9340,9450,9570,9680,9798,9915,10036,10158,10281,10405,10530,10656,10783,10911,11040,11170,11301,11433,11566,11700,11835,11970,12105,12240,12375,12510,12645,12780,12915,13050,13185,13320,13455,13590,13725,13860,13995,14130,14265,14400,14535,14670,14805,14940,15075,15210,15345,15480,15615,15750,15885,16020,16155,16290,16425,16560,16695,16830,16965,17100,17235,17370,17505,17640,17775,17910,18045,18180,18315,18450,18585,18720,18855,18990,19125,19260,19395,19530,19665,19800,19935,20070,20205,20340,20475,20610,20745,20880,21015,21150,21285,21420,21555,21690,21825,21960,22095,22230,22365,22500,22635,22770,22905,23040,23175,23310,23445,23580,23715,23850,23985,24120,24255,24390,24525,24660,24795,24930,25065,25200,25335,25470,25605,25740,25875,26010,26145,26280,26415,26550,26685,26820,26955,27090,27225,27360,27495,27630,27765,27900,28035,28170,28305,28440,28575,28710,28845,28980,29115,29250,29385,29520,29655,29790,29925,30060,30195,30330,30465,30600,30735,30870,31005,31140,31275,31410,31545,31680,31815,31950,32085,32220,32355,32490,32625,32760,32895,33030,33165,33300,33435,33570,33705,33840,33975,34110,34245,34380,34515,34650,34785,34920,35055,35190,35325,35460,35595,35730,35865,36000,36135,36270,36405,36540,36675,36810,36945,37080,37215,37350,37485,37620,37755,37890,38025,38160,38295,38430,38565,38700,38835,38970,39105,39240,39375,39510,39645,39780,39915,40050,40185,40320,40455,40590,40725,40860,40995,41130,41265,41400,41535,41670,41805,41940,42075,42210,42345,42480,42615,42750,42885,43020,43155,43290,43425,43560,43695,43830,43965,44100,44235,44370,44505,44640,44775,44910,45045,45180,45315,45450,45585,45720,45855,45990,46125,46260,46395,46530,46665,46800,46935,47070,47205,47340,47475,47610,47745,47880,48015,48150,48285,48420,48555,48690,48825,48960,49095,49230,49365,49500,49635,49770,49905,50040,50175,50310,50445,50580,50715,50850,50985,51120,51255,51390,51525,51660,51795,51930,52065,52200,52335,52470,52605,52740,52875,53010,53145,53280,53415,53550,53685,53820,53955,54090,54225,54360,54495,54630,54765,54900,55035,55170,55305,55440,55575,55710

//Inquisitor
1,500,4262,0,1,2,3,4,5,6,7,8,9,10,11,12,13,14,15,16,17,18,19,20,21,22,23,24,25,26,27,28,29,30,31,32,33,34,35,36,37,38,39,40,41,42,43,44,45,46,47,48,49,50,51,52,53,54,55,56,57,58,59,60,61,62,63,64,65,66,67,68,69,70,71,72,73,74,75,76,77,78,79,80,81,82,83,84,85,86,87,88,89,90,91,92,93,94,95,96,97,98,5050,5082,5176,5271,5367,5464,5562,5661,5761,5862,5963,6065,6168,6272,6377,6483,6590,6698,6807,6917,7027,7138,7250,7363,7477,7592,7708,7825,7943,8062,8181,8301,8422,8544,8667,8791,8916,9042,9169,9297,9425,9554,9684,9815,9947,10080,10214,10349,10485,10622,10759,10897,11033,11170,11307,11444,11581,11718,11855,11992,12129,12265,12406,12548,12691,12835,12980,13126,13273,13421,13570,13720,13871,14023,14176,14330,14485,14640,14795,14950,15105,15260,15415,15570,15725,15880,16035,16190,16345,16500,16655,16810,16965,17120,17275,17430,17585,17740,17895,18050,18205,18360,18515,18670,18825,18980,19135,19290,19445,19600,19755,19910,20065,20220,20375,20530,20685,20840,20995,21150,21305,21460,21615,21770,21925,22080,22235,22390,22545,22700,22855,23010,23165,23320,23475,23630,23785,23940,24095,24250,24405,24560,24715,24870,25025,25180,25335,25490,25645,25800,25955,26110,26265,26420,26575,26730,26885,27040,27195,27350,27505,27660,27815,27970,28125,28280,28435,28590,28745,28900,29055,29210,29365,29520,29675,29830,29985,30140,30295,30450,30605,30760,30915,31070,31225,31380,31535,31690,31845,32000,32155,32310,32465,32620,32775,32930,33085,33240,33395,33550,33705,33860,34015,34170,34325,34480,34635,34790,34945,35100,35255,35410,35565,35720,35875,36030,36185,36340,36495,36650,36805,36960,37115,37270,37425,37580,37735,37890,38045,38200,38355,38510,38665,38820,38975,39130,39285,39440,39595,39750,39905,40060,40215,40370,40525,40680,40835,40990,41145,41300,41455,41610,41765,41920,42075,42230,42385,42540,42695,42850,43005,43160,43315,43470,43625,43780,43935,44090,44245,44400,44555,44710,44865,45020,45175,45330,45485,45640,45795,45950,46105,46260,46415,46570,46725,46880,47035,47190,47345,47500,47655,47810,47965,48120,48275,48430,48585,48740,48895,49050,49205,49360,49515,49670,49825,49980,50135,50290,50445,50600,50755,50910,51065,51220,51375,51530,51685,51840,51995,52150,52305,52460,52615,52770,52925,53080,53235,53390,53545,53700,53855,54010,54165,54320,54475,54630,54785,54940,55095,55250,55405,55560,55715,55870,56025,56180,56335,56490,56645,56800,56955,57110,57265,57420,57575,57730,57885,58040,58195,58350,58505,58660,58815,58970,59125,59280,59435,59590,59745,59900,60055,60210,60365,60520,60675,60830,60985,61140,61295,61450,61605,61760,61915,62070,62225,62380,62535,62690,62845,63000,63155,63310,63465,63620,63775,63930,64085,64240,64395,64550,64705,64860

//Troubadour
1,500,4263,0,1,2,3,4,5,6,7,8,9,10,11,12,13,14,15,16,17,18,19,20,21,22,23,24,25,26,27,28,29,30,31,32,33,34,35,36,37,38,39,40,41,42,43,44,45,46,47,48,49,50,51,52,53,54,55,56,57,58,59,60,61,62,63,64,65,66,67,68,69,70,71,72,73,74,75,76,77,78,79,80,81,82,83,84,85,86,87,88,89,90,91,92,93,94,95,96,97,98,4800,4828,4918,5009,5101,5194,5288,5382,5477,5573,5670,5768,5867,5967,6068,6170,6273,6377,6482,6588,6694,6801,6909,7018,7128,7239,7351,7464,7578,7693,7809,7926,8044,8162,8281,8401,8522,8644,8767,8891,9016,9142,9269,9397,9526,9656,9786,9917,10049,10182,10316,10451,10584,10717,10851,10984,11118,11251,11385,11518,11652,11785,11921,12058,12196,12335,12475,12616,12758,12901,13045,13190,13336,13483,13631,13780,13930,14080,14230,14380,14530,14680,14830,14980,15130,15280,15430,15580,15730,15880,16030,16180,16330,16480,16630,16780,16930,17080,17230,17380,17530,17680,17830,17980,18130,18280,18430,18580,18730,18880,19030,19180,19330,19480,19630,19780,19930,20080,20230,20380,20530,20680,20830,20980,21130,21280,21430,21580,21730,21880,22030,22180,22330,22480,22630,22780,22930,23080,23230,23380,23530,23680,23830,23980,24130,24280,24430,24580,24730,24880,25030,25180,25330,25480,25630,25780,25930,26080,26230,26380,26530,26680,26830,26980,27130,27280,27430,27580,27730,27880,28030,28180,28330,28480,28630,28780,28930,29080,29230,29380,29530,29680,29830,29980,30130,30280,30430,30580,30730,30880,31030,31180,31330,31480,31630,31780,31930,32080,32230,32380,32530,32680,32830,32980,33130,33280,33430,33580,33730,33880,34030,34180,34330,34480,34630,34780,34930,35080,35230,35380,35530,35680,35830,35980,36130,36280,36430,36580,36730,36880,37030,37180,37330,37480,37630,37780,37930,38080,38230,38380,38530,38680,38830,38980,39130,39280,39430,39580,39730,39880,40030,40180,40330,40480,40630,40780,40930,41080,41230,41380,41530,41680,41830,41980,42130,42280,42430,42580,42730,42880,43030,43180,43330,43480,43630,43780,43930,44080,44230,44380,44530,44680,44830,44980,45130,45280,45430,45580,45730,45880,46030,46180,46330,46480,46630,46780,46930,47080,47230,47380,47530,47680,47830,47980,48130,48280,48430,48580,48730,48880,49030,49180,49330,49480,49630,49780,49930,50080,50230,50380,50530,50680,50830,50980,51130,51280,51430,51580,51730,51880,52030,52180,52330,52480,52630,52780,52930,53080,53230,53380,53530,53680,53830,53980,54130,54280,54430,54580,54730,54880,55030,55180,55330,55480,55630,55780,55930,56080,56230,56380,56530,56680,56830,56980,57130,57280,57430,57580,57730,57880,58030,58180,58330,58480,58630,58780,58930,59080,59230,59380,59530,59680,59830,59980,60130,60280,60430,60580,60730,60880,61030,61180,61330,61480,61630,61780,61930,62080,62230,62380,62530,62680

//Trouvere
1,500,4264,0,1,2,3,4,5,6,7,8,9,10,11,12,13,14,15,16,17,18,19,20,21,22,23,24,25,26,27,28,29,30,31,32,33,34,35,36,37,38,39,40,41,42,43,44,45,46,47,48,49,50,51,52,53,54,55,56,57,58,59,60,61,62,63,64,65,66,67,68,69,70,71,72,73,74,75,76,77,78,79,80,81,82,83,84,85,86,87,88,89,90,91,92,93,94,95,96,97,98,4800,4828,4918,5009,5101,5194,5288,5382,5477,5573,5670,5768,5867,5967,6068,6170,6273,6377,6482,6588,6694,6801,6909,7018,7128,7239,7351,7464,7578,7693,7809,7926,8044,8162,8281,8401,8522,8644,8767,8891,9016,9142,9269,9397,9526,9656,9786,9917,10049,10182,10316,10451,10584,10717,10851,10984,11118,11251,11385,11518,11652,11785,11921,12058,12196,12335,12475,12616,12758,12901,13045,13190,13336,13483,13631,13780,13930,14080,14230,14380,14530,14680,14830,14980,15130,15280,15430,15580,15730,15880,16030,16180,16330,16480,16630,16780,16930,17080,17230,17380,17530,17680,17830,17980,18130,18280,18430,18580,18730,18880,19030,19180,19330,19480,19630,19780,19930,20080,20230,20380,20530,20680,20830,20980,21130,21280,21430,21580,21730,21880,22030,22180,22330,22480,22630,22780,22930,23080,23230,23380,23530,23680,23830,23980,24130,24280,24430,24580,24730,24880,25030,25180,25330,25480,25630,25780,25930,26080,26230,26380,26530,26680,26830,26980,27130,27280,27430,27580,27730,27880,28030,28180,28330,28480,28630,28780,28930,29080,29230,29380,29530,29680,29830,29980,30130,30280,30430,30580,30730,30880,31030,31180,31330,31480,31630,31780,31930,32080,32230,32380,32530,32680,32830,32980,33130,33280,33430,33580,33730,33880,34030,34180,34330,34480,34630,34780,34930,35080,35230,35380,35530,35680,35830,35980,36130,36280,36430,36580,36730,36880,37030,37180,37330,37480,37630,37780,37930,38080,38230,38380,38530,38680,38830,38980,39130,39280,39430,39580,39730,39880,40030,40180,40330,40480,40630,40780,40930,41080,41230,41380,41530,41680,41830,41980,42130,42280,42430,42580,42730,42880,43030,43180,43330,43480,43630,43780,43930,44080,44230,44380,44530,44680,44830,44980,45130,45280,45430,45580,45730,45880,46030,46180,46330,46480,46630,46780,46930,47080,47230,47380,47530,47680,47830,47980,48130,48280,48430,48580,48730,48880,49030,49180,49330,49480,49630,49780,49930,50080,50230,50380,50530,50680,50830,50980,51130,51280,51430,51580,51730,51880,52030,52180,52330,52480,52630,52780,52930,53080,53230,53380,53530,53680,53830,53980,54130,54280,54430,54580,54730,54880,55030,55180,55330,55480,55630,55780,55930,56080,56230,56380,56530,56680,56830,56980,57130,57280,57430,57580,57730,57880,58030,58180,58330,58480,58630,58780,58930,59080,59230,59380,59530,59680,59830,59980,60130,60280,60430,60580,60730,60880,61030,61180,61330,61480,61630,61780,61930,62080,62230,62380,62530,62680

//===============================
// Base SP Table
// According to base SP calculation on http://irowiki.org/wiki/Max_SP
//===============================

//Dragon Knight, Dragon Knight (Dragon)
1,500,4252:4280,1,1,2,3,4,5,6,7,8,9,10,11,12,13,14,15,16,17,18,19,20,21,22,23,24,25,26,27,28,29,30,31,32,33,34,35,36,37,38,39,40,41,42,43,44,45,46,47,48,49,50,51,52,53,54,55,56,57,58,59,60,61,62,63,64,65,66,67,68,69,70,71,72,73,74,75,76,77,78,79,80,81,82,83,84,85,86,87,88,89,90,91,92,93,94,95,96,97,98,300,310,313,316,319,322,325,328,331,334,337,340,343,346,349,352,355,358,361,364,367,370,373,376,379,382,385,388,391,394,397,400,403,406,409,412,415,418,421,424,427,430,433,436,439,442,445,448,451,454,457,460,500,566,629,672,710,748,781,824,847,890,894,898,902,906,910,915,920,925,930,935,941,947,953,959,965,971,977,983,989,995,1001,1007,1013,1019,1025,1031,1037,1043,1049,1055,1061,1067,1073,1079,1085,1091,1097,1103,1109,1115,1121,1127,1133,1139,1145,1151,1157,1163,1169,1175,1181,1187,1193,1199,1205,1211,1217,1223,1229,1235,1241,1247,1253,1259,1265,1271,1277,1283,1289,1295,1301,1307,1313,1319,1325,1331,1337,1343,1349,1355,1361,1367,1373,1379,1385,1391,1397,1403,1409,1415,1421,1427,1433,1439,1445,1451,1457,1463,1469,1475,1481,1487,1493,1499,1505,1511,1517,1523,1529,1535,1541,1547,1553,1559,1565,1571,1577,1583,1589,1595,1601,1607,1613,1619,1625,1631,1637,1643,1649,1655,1661,1667,1673,1679,1685,1691,1697,1703,1709,1715,1721,1727,1733,1739,1745,1751,1757,1763,1769,1775,1781,1787,1793,1799,1805,1811,1817,1823,1829,1835,1841,1847,1853,1859,1865,1871,1877,1883,1889,1895,1901,1907,1913,1919,1925,1931,1937,1943,1949,1955,1961,1967,1973,1979,1985,1991,1997,2003,2009,2015,2021,2027,2033,2039,2045,2051,2057,2063,2069,2075,2081,2087,2093,2099,2105,2111,2117,2123,2129,2135,2141,2147,2153,2159,2165,2171,2177,2183,2189,2195,2201,2207,2213,2219,2225,2231,2237,2243,2249,2255,2261,2267,2273,2279,2285,2291,2297,2303,2309,2315,2321,2327,2333,2339,2345,2351,2357,2363,2369,2375,2381,2387,2393,2399,2405,2411,2417,2423,2429,2435,2441,2447,2453,2459,2465,2471,2477,2483,2489,2495,2501,2507,2513,2519,2525,2531,2537,2543,2549,2555,2561,2567,2573,2579,2585,2591,2597,2603,2609,2615,2621,2627,2633,2639,2645,2651,2657,2663,2669,2675,2681,2687,2693,2699,2705,2711,2717,2723,2729,2735,2741,2747,2753,2759,2765,2771,2777,2783,2789,2795,2801,2807,2813,2819,2825,2831,2837,2843,2849,2855,2861,2867,2873,2879,2885,2891,2897,2903,2909,2915

//Meister, Meister (Mado)
1,500,4253:4279,1,1,2,3,4,5,6,7,8,9,10,11,12,13,14,15,16,17,18,19,20,21,22,23,24,25,26,27,28,29,30,31,32,33,34,35,36,37,38,39,40,41,42,43,44,45,46,47,48,49,50,51,52,53,54,55,56,57,58,59,60,61,62,63,64,65,66,67,68,69,70,71,72,73,74,75,76,77,78,79,80,81,82,83,84,85,86,87,88,89,90,91,92,93,94,95,96,97,98,400,410,414,418,422,426,430,434,438,442,446,450,454,458,462,466,470,474,478,482,486,490,494,498,502,506,510,514,518,522,526,530,534,538,542,546,550,554,558,562,566,570,574,578,582,586,590,594,598,602,606,610,700,760,820,880,930,965,1020,1132,1160,1230,1235,1240,1245,1250,1255,1261,1267,1273,1279,1285,1292,1299,1306,1313,1320,1327,1334,1341,1348,1355,1362,1369,1376,1383,1390,1397,1404,1411,1418,1425,1432,1439,1446,1453,1460,1467,1474,1481,1488,1495,1502,1509,1516,1523,1530,1537,1544,1551,1558,1565,1572,1579,1586,1593,1600,1607,1614,1621,1628,1635,1642,1649,1656,1663,1670,1677,1684,1691,1698,1705,1712,1719,1726,1733,1740,1747,1754,1761,1768,1775,1782,1789,1796,1803,1810,1817,1824,1831,1838,1845,1852,1859,1866,1873,1880,1887,1894,1901,1908,1915,1922,1929,1936,1943,1950,1957,1964,1971,1978,1985,1992,1999,2006,2013,2020,2027,2034,2041,2048,2055,2062,2069,2076,2083,2090,2097,2104,2111,2118,2125,2132,2139,2146,2153,2160,2167,2174,2181,2188,2195,2202,2209,2216,2223,2230,2237,2244,2251,2258,2265,2272,2279,2286,2293,2300,2307,2314,2321,2328,2335,2342,2349,2356,2363,2370,2377,2384,2391,2398,2405,2412,2419,2426,2433,2440,2447,2454,2461,2468,2475,2482,2489,2496,2503,2510,2517,2524,2531,2538,2545,2552,2559,2566,2573,2580,2587,2594,2601,2608,2615,2622,2629,2636,2643,2650,2657,2664,2671,2678,2685,2692,2699,2706,2713,2720,2727,2734,2741,2748,2755,2762,2769,2776,2783,2790,2797,2804,2811,2818,2825,2832,2839,2846,2853,2860,2867,2874,2881,2888,2895,2902,2909,2916,2923,2930,2937,2944,2951,2958,2965,2972,2979,2986,2993,3000,3007,3014,3021,3028,3035,3042,3049,3056,3063,3070,3077,3084,3091,3098,3105,3112,3119,3126,3133,3140,3147,3154,3161,3168,3175,3182,3189,3196,3203,3210,3217,3224,3231,3238,3245,3252,3259,3266,3273,3280,3287,3294,3301,3308,3315,3322,3329,3336,3343,3350,3357,3364,3371,3378,3385,3392,3399,3406,3413,3420,3427,3434,3441,3448,3455,3462,3469,3476,3483,3490,3497,3504,3511,3518,3525,3532,3539,3546,3553,3560,3567,3574,3581,3588,3595

//Shadow Cross
1,500,4254,1,1,2,3,4,5,6,7,8,9,10,11,12,13,14,15,16,17,18,19,20,21,22,23,24,25,26,27,28,29,30,31,32,33,34,35,36,37,38,39,40,41,42,43,44,45,46,47,48,49,50,51,52,53,54,55,56,57,58,59,60,61,62,63,64,65,66,67,68,69,70,71,72,73,74,75,76,77,78,79,80,81,82,83,84,85,86,87,88,89,90,91,92,93,94,95,96,97,98,400,410,414,418,422,426,430,434,438,442,446,450,454,458,462,466,470,474,478,482,486,490,494,498,502,506,510,514,518,522,526,530,534,538,542,546,550,554,558,562,566,570,574,578,582,586,590,594,598,602,606,610,670,695,700,715,730,745,760,785,790,805,810,815,820,825,830,836,842,848,854,860,867,874,881,888,895,902,909,916,923,930,937,944,951,958,965,972,979,986,993,1000,1007,1014,1021,1028,1035,1042,1049,1056,1063,1070,1077,1084,1091,1098,1105,1112,1119,1126,1133,1140,1147,1154,1161,1168,1175,1182,1189,1196,1203,1210,1217,1224,1231,1238,1245,1252,1259,1266,1273,1280,1287,1294,1301,1308,1315,1322,1329,1336,1343,1350,1357,1364,1371,1378,1385,1392,1399,1406,1413,1420,1427,1434,1441,1448,1455,1462,1469,1476,1483,1490,1497,1504,1511,1518,1525,1532,1539,1546,1553,1560,1567,1574,1581,1588,1595,1602,1609,1616,1623,1630,1637,1644,1651,1658,1665,1672,1679,1686,1693,1700,1707,1714,1721,1728,1735,1742,1749,1756,1763,1770,1777,1784,1791,1798,1805,1812,1819,1826,1833,1840,1847,1854,1861,1868,1875,1882,1889,1896,1903,1910,1917,1924,1931,1938,1945,1952,1959,1966,1973,1980,1987,1994,2001,2008,2015,2022,2029,2036,2043,2050,2057,2064,2071,2078,2085,2092,2099,2106,2113,2120,2127,2134,2141,2148,2155,2162,2169,2176,2183,2190,2197,2204,2211,2218,2225,2232,2239,2246,2253,2260,2267,2274,2281,2288,2295,2302,2309,2316,2323,2330,2337,2344,2351,2358,2365,2372,2379,2386,2393,2400,2407,2414,2421,2428,2435,2442,2449,2456,2463,2470,2477,2484,2491,2498,2505,2512,2519,2526,2533,2540,2547,2554,2561,2568,2575,2582,2589,2596,2603,2610,2617,2624,2631,2638,2645,2652,2659,2666,2673,2680,2687,2694,2701,2708,2715,2722,2729,2736,2743,2750,2757,2764,2771,2778,2785,2792,2799,2806,2813,2820,2827,2834,2841,2848,2855,2862,2869,2876,2883,2890,2897,2904,2911,2918,2925,2932,2939,2946,2953,2960,2967,2974,2981,2988,2995,3002,3009,3016,3023,3030,3037,3044,3051,3058,3065,3072,3079,3086,3093,3100,3107,3114,3121,3128,3135,3142,3149,3156,3163,3170

//Arch Mage
1,500,4255,1,1,2,3,4,5,6,7,8,9,10,11,12,13,14,15,16,17,18,19,20,21,22,23,24,25,26,27,28,29,30,31,32,33,34,35,36,37,38,39,40,41,42,43,44,45,46,47,48,49,50,51,52,53,54,55,56,57,58,59,60,61,62,63,64,65,66,67,68,69,70,71,72,73,74,75,76,77,78,79,80,81,82,83,84,85,86,87,88,89,90,91,92,93,94,95,96,97,98,900,910,919,928,937,946,955,964,973,982,991,1000,1009,1018,1027,1036,1045,1054,1063,1072,1081,1090,1099,1108,1117,1126,1135,1144,1153,1162,1171,1180,1189,1198,1207,1216,1225,1234,1243,1252,1261,1270,1279,1288,1297,1306,1315,1324,1333,1342,1351,1360,1369,1378,1387,1396,1405,1414,1423,1432,1441,1450,1460,1470,1480,1490,1500,1511,1522,1533,1544,1555,1567,1579,1591,1603,1615,1627,1639,1651,1663,1675,1687,1699,1711,1723,1735,1747,1759,1771,1783,1795,1807,1819,1831,1843,1855,1867,1879,1891,1903,1915,1927,1939,1951,1963,1975,1987,1999,2011,2023,2035,2047,2059,2071,2083,2095,2107,2119,2131,2143,2155,2167,2179,2191,2203,2215,2227,2239,2251,2263,2275,2287,2299,2311,2323,2335,2347,2359,2371,2383,2395,2407,2419,2431,2443,2455,2467,2479,2491,2503,2515,2527,2539,2551,2563,2575,2587,2599,2611,2623,2635,2647,2659,2671,2683,2695,2707,2719,2731,2743,2755,2767,2779,2791,2803,2815,2827,2839,2851,2863,2875,2887,2899,2911,2923,2935,2947,2959,2971,2983,2995,3007,3019,3031,3043,3055,3067,3079,3091,3103,3115,3127,3139,3151,3163,3175,3187,3199,3211,3223,3235,3247,3259,3271,3283,3295,3307,3319,3331,3343,3355,3367,3379,3391,3403,3415,3427,3439,3451,3463,3475,3487,3499,3511,3523,3535,3547,3559,3571,3583,3595,3607,3619,3631,3643,3655,3667,3679,3691,3703,3715,3727,3739,3751,3763,3775,3787,3799,3811,3823,3835,3847,3859,3871,3883,3895,3907,3919,3931,3943,3955,3967,3979,3991,4003,4015,4027,4039,4051,4063,4075,4087,4099,4111,4123,4135,4147,4159,4171,4183,4195,4207,4219,4231,4243,4255,4267,4279,4291,4303,4315,4327,4339,4351,4363,4375,4387,4399,4411,4423,4435,4447,4459,4471,4483,4495,4507,4519,4531,4543,4555,4567,4579,4591,4603,4615,4627,4639,4651,4663,4675,4687,4699,4711,4723,4735,4747,4759,4771,4783,4795,4807,4819,4831,4843,4855,4867,4879,4891,4903,4915,4927,4939,4951,4963,4975,4987,4999,5011,5023,5035,5047,5059,5071,5083,5095,5107,5119,5131,5143,5155,5167,5179,5191,5203,5215,5227,5239,5251,5263,5275,5287,5299,5311,5323,5335,5347,5359,5371,5383,5395,5407,5419,5431,5443,5455,5467,5479,5491,5503,5515

//Cardinal
1,500,4256,1,1,2,3,4,5,6,7,8,9,10,11,12,13,14,15,16,17,18,19,20,21,22,23,24,25,26,27,28,29,30,31,32,33,34,35,36,37,38,39,40,41,42,43,44,45,46,47,48,49,50,51,52,53,54,55,56,57,58,59,60,61,62,63,64,65,66,67,68,69,70,71,72,73,74,75,76,77,78,79,80,81,82,83,84,85,86,87,88,89,90,91,92,93,94,95,96,97,98,800,810,818,826,834,842,850,858,866,874,882,890,898,906,914,922,930,938,946,954,962,970,978,986,994,1002,1010,1018,1026,1034,1042,1050,1058,1066,1074,1082,1090,1098,1106,1114,1122,1130,1138,1146,1154,1162,1170,1178,1186,1194,1202,1210,1258,1286,1334,1372,1410,1458,1466,1474,1482,1490,1499,1508,1517,1526,1535,1545,1555,1565,1575,1585,1596,1607,1618,1629,1640,1651,1662,1673,1684,1695,1706,1717,1728,1739,1750,1761,1772,1783,1794,1805,1816,1827,1838,1849,1860,1871,1882,1893,1904,1915,1926,1937,1948,1959,1970,1981,1992,2003,2014,2025,2036,2047,2058,2069,2080,2091,2102,2113,2124,2135,2146,2157,2168,2179,2190,2201,2212,2223,2234,2245,2256,2267,2278,2289,2300,2311,2322,2333,2344,2355,2366,2377,2388,2399,2410,2421,2432,2443,2454,2465,2476,2487,2498,2509,2520,2531,2542,2553,2564,2575,2586,2597,2608,2619,2630,2641,2652,2663,2674,2685,2696,2707,2718,2729,2740,2751,2762,2773,2784,2795,2806,2817,2828,2839,2850,2861,2872,2883,2894,2905,2916,2927,2938,2949,2960,2971,2982,2993,3004,3015,3026,3037,3048,3059,3070,3081,3092,3103,3114,3125,3136,3147,3158,3169,3180,3191,3202,3213,3224,3235,3246,3257,3268,3279,3290,3301,3312,3323,3334,3345,3356,3367,3378,3389,3400,3411,3422,3433,3444,3455,3466,3477,3488,3499,3510,3521,3532,3543,3554,3565,3576,3587,3598,3609,3620,3631,3642,3653,3664,3675,3686,3697,3708,3719,3730,3741,3752,3763,3774,3785,3796,3807,3818,3829,3840,3851,3862,3873,3884,3895,3906,3917,3928,3939,3950,3961,3972,3983,3994,4005,4016,4027,4038,4049,4060,4071,4082,4093,4104,4115,4126,4137,4148,4159,4170,4181,4192,4203,4214,4225,4236,4247,4258,4269,4280,4291,4302,4313,4324,4335,4346,4357,4368,4379,4390,4401,4412,4423,4434,4445,4456,4467,4478,4489,4500,4511,4522,4533,4544,4555,4566,4577,4588,4599,4610,4621,4632,4643,4654,4665,4676,4687,4698,4709,4720,4731,4742,4753,4764,4775,4786,4797,4808,4819,4830,4841,4852,4863,4874,4885,4896,4907,4918,4929,4940,4951,4962,4973,4984,4995,5006,5017,5028,5039,5050,5061,5072,5083,5094,5105,5116,5127,5138,5149,5160,5171,5182,5193,5204,5215

//Windhawk, Windhawk (Warg)
1,500,4257:4278,1,1,2,3,4,5,6,7,8,9,10,11,12,13,14,15,16,17,18,19,20,21,22,23,24,25,26,27,28,29,30,31,32,33,34,35,36,37,38,39,40,41,42,43,44,45,46,47,48,49,50,51,52,53,54,55,56,57,58,59,60,61,62,63,64,65,66,67,68,69,70,71,72,73,74,75,76,77,78,79,80,81,82,83,84,85,86,87,88,89,90,91,92,93,94,95,96,97,98,400,410,414,418,422,426,430,434,438,442,446,450,454,458,462,466,470,474,478,482,486,490,494,498,502,506,510,514,518,522,526,530,534,538,542,546,550,554,558,562,566,570,574,578,582,586,590,594,598,602,606,610,650,675,680,695,710,725,740,765,770,785,790,795,800,805,810,816,822,828,834,840,847,854,861,868,875,882,889,896,903,910,917,924,931,938,945,952,959,966,973,980,987,994,1001,1008,1015,1022,1029,1036,1043,1050,1057,1064,1071,1078,1085,1092,1099,1106,1113,1120,1127,1134,1141,1148,1155,1162,1169,1176,1183,1190,1197,1204,1211,1218,1225,1232,1239,1246,1253,1260,1267,1274,1281,1288,1295,1302,1309,1316,1323,1330,1337,1344,1351,1358,1365,1372,1379,1386,1393,1400,1407,1414,1421,1428,1435,1442,1449,1456,1463,1470,1477,1484,1491,1498,1505,1512,1519,1526,1533,1540,1547,1554,1561,1568,1575,1582,1589,1596,1603,1610,1617,1624,1631,1638,1645,1652,1659,1666,1673,1680,1687,1694,1701,1708,1715,1722,1729,1736,1743,1750,1757,1764,1771,1778,1785,1792,1799,1806,1813,1820,1827,1834,1841,1848,1855,1862,1869,1876,1883,1890,1897,1904,1911,1918,1925,1932,1939,1946,1953,1960,1967,1974,1981,1988,1995,2002,2009,2016,2023,2030,2037,2044,2051,2058,2065,2072,2079,2086,2093,2100,2107,2114,2121,2128,2135,2142,2149,2156,2163,2170,2177,2184,2191,2198,2205,2212,2219,2226,2233,2240,2247,2254,2261,2268,2275,2282,2289,2296,2303,2310,2317,2324,2331,2338,2345,2352,2359,2366,2373,2380,2387,2394,2401,2408,2415,2422,2429,2436,2443,2450,2457,2464,2471,2478,2485,2492,2499,2506,2513,2520,2527,2534,2541,2548,2555,2562,2569,2576,2583,2590,2597,2604,2611,2618,2625,2632,2639,2646,2653,2660,2667,2674,2681,2688,2695,2702,2709,2716,2723,2730,2737,2744,2751,2758,2765,2772,2779,2786,2793,2800,2807,2814,2821,2828,2835,2842,2849,2856,2863,2870,2877,2884,2891,2898,2905,2912,2919,2926,2933,2940,2947,2954,2961,2968,2975,2982,2989,2996,3003,3010,3017,3024,3031,3038,3045,3052,3059,3066,3073,3080,3087,3094,3101,3108,3115,3122,3129,3136,3143,3150

//Imperial Guard, Imperial Guard (Gryphon)
1,500,4258:4281,1,1,2,3,4,5,6,7,8,9,10,11,12,13,14,15,16,17,18,19,20,21,22,23,24,25,26,27,28,29,30,31,32,33,34,35,36,37,38,39,40,41,42,43,44,45,46,47,48,49,50,51,52,53,54,55,56,57,58,59,60,61,62,63,64,65,66,67,68,69,70,71,72,73,74,75,76,77,78,79,80,81,82,83,84,85,86,87,88,89,90,91,92,93,94,95,96,97,98,400,410,414,418,422,426,430,434,438,442,446,450,454,458,462,466,470,474,478,482,486,490,494,498,502,506,510,514,518,522,526,530,534,538,542,546,550,554,558,562,566,570,574,578,582,586,590,594,598,602,606,610,700,760,820,880,930,965,1020,1132,1160,1230,1235,1240,1245,1250,1255,1261,1267,1273,1279,1285,1292,1299,1306,1313,1320,1327,1334,1341,1348,1355,1362,1369,1376,1383,1390,1397,1404,1411,1418,1425,1432,1439,1446,1453,1460,1467,1474,1481,1488,1495,1502,1509,1516,1523,1530,1537,1544,1551,1558,1565,1572,1579,1586,1593,1600,1607,1614,1621,1628,1635,1642,1649,1656,1663,1670,1677,1684,1691,1698,1705,1712,1719,1726,1733,1740,1747,1754,1761,1768,1775,1782,1789,1796,1803,1810,1817,1824,1831,1838,1845,1852,1859,1866,1873,1880,1887,1894,1901,1908,1915,1922,1929,1936,1943,1950,1957,1964,1971,1978,1985,1992,1999,2006,2013,2020,2027,2034,2041,2048,2055,2062,2069,2076,2083,2090,2097,2104,2111,2118,2125,2132,2139,2146,2153,2160,2167,2174,2181,2188,2195,2202,2209,2216,2223,2230,2237,2244,2251,2258,2265,2272,2279,2286,2293,2300,2307,2314,2321,2328,2335,2342,2349,2356,2363,2370,2377,2384,2391,2398,2405,2412,2419,2426,2433,2440,2447,2454,2461,2468,2475,2482,2489,2496,2503,2510,2517,2524,2531,2538,2545,2552,2559,2566,2573,2580,2587,2594,2601,2608,2615,2622,2629,2636,2643,2650,2657,2664,2671,2678,2685,2692,2699,2706,2713,2720,2727,2734,2741,2748,2755,2762,2769,2776,2783,2790,2797,2804,2811,2818,2825,2832,2839,2846,2853,2860,2867,2874,2881,2888,2895,2902,2909,2916,2923,2930,2937,2944,2951,2958,2965,2972,2979,2986,2993,3000,3007,3014,3021,3028,3035,3042,3049,3056,3063,3070,3077,3084,3091,3098,3105,3112,3119,3126,3133,3140,3147,3154,3161,3168,3175,3182,3189,3196,3203,3210,3217,3224,3231,3238,3245,3252,3259,3266,3273,3280,3287,3294,3301,3308,3315,3322,3329,3336,3343,3350,3357,3364,3371,3378,3385,3392,3399,3406,3413,3420,3427,3434,3441,3448,3455,3462,3469,3476,3483,3490,3497,3504,3511,3518,3525,3532,3539,3546,3553,3560,3567,3574,3581,3588,3595

//Biolo
1,500,4259,1,1,2,3,4,5,6,7,8,9,10,11,12,13,14,15,16,17,18,19,20,21,22,23,24,25,26,27,28,29,30,31,32,33,34,35,36,37,38,39,40,41,42,43,44,45,46,47,48,49,50,51,52,53,54,55,56,57,58,59,60,61,62,63,64,65,66,67,68,69,70,71,72,73,74,75,76,77,78,79,80,81,82,83,84,85,86,87,88,89,90,91,92,93,94,95,96,97,98,900,910,919,928,937,946,955,964,973,982,991,1000,1009,1018,1027,1036,1045,1054,1063,1072,1081,1090,1099,1108,1117,1126,1135,1144,1153,1162,1171,1180,1189,1198,1207,1216,1225,1234,1243,1252,1261,1270,1279,1288,1297,1306,1315,1324,1333,1342,1351,1360,1369,1378,1387,1396,1405,1414,1423,1432,1441,1450,1460,1470,1480,1490,1500,1511,1522,1533,1544,1555,1567,1579,1591,1603,1615,1627,1639,1651,1663,1675,1687,1699,1711,1723,1735,1747,1759,1771,1783,1795,1807,1819,1831,1843,1855,1867,1879,1891,1903,1915,1927,1939,1951,1963,1975,1987,1999,2011,2023,2035,2047,2059,2071,2083,2095,2107,2119,2131,2143,2155,2167,2179,2191,2203,2215,2227,2239,2251,2263,2275,2287,2299,2311,2323,2335,2347,2359,2371,2383,2395,2407,2419,2431,2443,2455,2467,2479,2491,2503,2515,2527,2539,2551,2563,2575,2587,2599,2611,2623,2635,2647,2659,2671,2683,2695,2707,2719,2731,2743,2755,2767,2779,2791,2803,2815,2827,2839,2851,2863,2875,2887,2899,2911,2923,2935,2947,2959,2971,2983,2995,3007,3019,3031,3043,3055,3067,3079,3091,3103,3115,3127,3139,3151,3163,3175,3187,3199,3211,3223,3235,3247,3259,3271,3283,3295,3307,3319,3331,3343,3355,3367,3379,3391,3403,3415,3427,3439,3451,3463,3475,3487,3499,3511,3523,3535,3547,3559,3571,3583,3595,3607,3619,3631,3643,3655,3667,3679,3691,3703,3715,3727,3739,3751,3763,3775,3787,3799,3811,3823,3835,3847,3859,3871,3883,3895,3907,3919,3931,3943,3955,3967,3979,3991,4003,4015,4027,4039,4051,4063,4075,4087,4099,4111,4123,4135,4147,4159,4171,4183,4195,4207,4219,4231,4243,4255,4267,4279,4291,4303,4315,4327,4339,4351,4363,4375,4387,4399,4411,4423,4435,4447,4459,4471,4483,4495,4507,4519,4531,4543,4555,4567,4579,4591,4603,4615,4627,4639,4651,4663,4675,4687,4699,4711,4723,4735,4747,4759,4771,4783,4795,4807,4819,4831,4843,4855,4867,4879,4891,4903,4915,4927,4939,4951,4963,4975,4987,4999,5011,5023,5035,5047,5059,5071,5083,5095,5107,5119,5131,5143,5155,5167,5179,5191,5203,5215,5227,5239,5251,5263,5275,5287,5299,5311,5323,5335,5347,5359,5371,5383,5395,5407,5419,5431,5443,5455,5467,5479,5491,5503,5515

//Abyss Chaser
1,500,4260,1,1,2,3,4,5,6,7,8,9,10,11,12,13,14,15,16,17,18,19,20,21,22,23,24,25,26,27,28,29,30,31,32,33,34,35,36,37,38,39,40,41,42,43,44,45,46,47,48,49,50,51,52,53,54,55,56,57,58,59,60,61,62,63,64,65,66,67,68,69,70,71,72,73,74,75,76,77,78,79,80,81,82,83,84,85,86,87,88,89,90,91,92,93,94,95,96,97,98,400,410,414,418,422,426,430,434,438,442,446,450,454,458,462,466,470,474,478,482,486,490,494,498,502,506,510,514,518,522,526,530,534,538,542,546,550,554,558,562,566,570,574,578,582,586,590,594,598,602,606,610,614,618,622,626,630,634,638,642,646,650,655,660,665,670,675,681,687,693,699,705,712,719,726,733,740,747,754,761,768,775,782,789,796,803,810,817,824,831,838,845,852,859,866,873,880,887,894,901,908,915,922,929,936,943,950,957,964,971,978,985,992,999,1006,1013,1020,1027,1034,1041,1048,1055,1062,1069,1076,1083,1090,1097,1104,1111,1118,1125,1132,1139,1146,1153,1160,1167,1174,1181,1188,1195,1202,1209,1216,1223,1230,1237,1244,1251,1258,1265,1272,1279,1286,1293,1300,1307,1314,1321,1328,1335,1342,1349,1356,1363,1370,1377,1384,1391,1398,1405,1412,1419,1426,1433,1440,1447,1454,1461,1468,1475,1482,1489,1496,1503,1510,1517,1524,1531,1538,1545,1552,1559,1566,1573,1580,1587,1594,1601,1608,1615,1622,1629,1636,1643,1650,1657,1664,1671,1678,1685,1692,1699,1706,1713,1720,1727,1734,1741,1748,1755,1762,1769,1776,1783,1790,1797,1804,1811,1818,1825,1832,1839,1846,1853,1860,1867,1874,1881,1888,1895,1902,1909,1916,1923,1930,1937,1944,1951,1958,1965,1972,1979,1986,1993,2000,2007,2014,2021,2028,2035,2042,2049,2056,2063,2070,2077,2084,2091,2098,2105,2112,2119,2126,2133,2140,2147,2154,2161,2168,2175,2182,2189,2196,2203,2210,2217,2224,2231,2238,2245,2252,2259,2266,2273,2280,2287,2294,2301,2308,2315,2322,2329,2336,2343,2350,2357,2364,2371,2378,2385,2392,2399,2406,2413,2420,2427,2434,2441,2448,2455,2462,2469,2476,2483,2490,2497,2504,2511,2518,2525,2532,2539,2546,2553,2560,2567,2574,2581,2588,2595,2602,2609,2616,2623,2630,2637,2644,2651,2658,2665,2672,2679,2686,2693,2700,2707,2714,2721,2728,2735,2742,2749,2756,2763,2770,2777,2784,2791,2798,2805,2812,2819,2826,2833,2840,2847,2854,2861,2868,2875,2882,2889,2896,2903,2910,2917,2924,2931,2938,2945,2952,2959,2966,2973,2980,2987,2994,3001,3008,3015

//Elemental Master
1,500,4261,1,1,2,3,4,5,6,7,8,9,10,11,12,13,14,15,16,17,18,19,20,21,22,23,24,25,26,27,28,29,30,31,32,33,34,35,36,37,38,39,40,41,42,43,44,45,46,47,48,49,50,51,52,53,54,55,56,57,58,59,60,61,62,63,64,65,66,67,68,69,70,71,72,73,74,75,76,77,78,79,80,81,82,83,84,85,86,87,88,89,90,91,92,93,94,95,96,97,98,900,910,919,928,937,946,955,964,973,982,991,1000,1009,1018,1027,1036,1045,1054,1063,1072,1081,1090,1099,1108,1117,1126,1135,1144,1153,1162,1171,1180,1189,1198,1207,1216,1225,1234,1243,1252,1261,1270,1279,1288,1297,1306,1315,1324,1333,1342,1351,1360,1369,1378,1387,1396,1405,1414,1423,1432,1441,1450,1460,1470,1480,1490,1500,1511,1522,1533,1544,1555,1567,1579,1591,1603,1615,1627,1639,1651,1663,1675,1687,1699,1711,1723,1735,1747,1759,1771,1783,1795,1807,1819,1831,1843,1855,1867,1879,1891,1903,1915,1927,1939,1951,1963,1975,1987,1999,2011,2023,2035,2047,2059,2071,2083,2095,2107,2119,2131,2143,2155,2167,2179,2191,2203,2215,2227,2239,2251,2263,2275,2287,2299,2311,2323,2335,2347,2359,2371,2383,2395,2407,2419,2431,2443,2455,2467,2479,2491,2503,2515,2527,2539,2551,2563,2575,2587,2599,2611,2623,2635,2647,2659,2671,2683,2695,2707,2719,2731,2743,2755,2767,2779,2791,2803,2815,2827,2839,2851,2863,2875,2887,2899,2911,2923,2935,2947,2959,2971,2983,2995,3007,3019,3031,3043,3055,3067,3079,3091,3103,3115,3127,3139,3151,3163,3175,3187,3199,3211,3223,3235,3247,3259,3271,3283,3295,3307,3319,3331,3343,3355,3367,3379,3391,3403,3415,3427,3439,3451,3463,3475,3487,3499,3511,3523,3535,3547,3559,3571,3583,3595,3607,3619,3631,3643,3655,3667,3679,3691,3703,3715,3727,3739,3751,3763,3775,3787,3799,3811,3823,3835,3847,3859,3871,3883,3895,3907,3919,3931,3943,3955,3967,3979,3991,4003,4015,4027,4039,4051,4063,4075,4087,4099,4111,4123,4135,4147,4159,4171,4183,4195,4207,4219,4231,4243,4255,4267,4279,4291,4303,4315,4327,4339,4351,4363,4375,4387,4399,4411,4423,4435,4447,4459,4471,4483,4495,4507,4519,4531,4543,4555,4567,4579,4591,4603,4615,4627,4639,4651,4663,4675,4687,4699,4711,4723,4735,4747,4759,4771,4783,4795,4807,4819,4831,4843,4855,4867,4879,4891,4903,4915,4927,4939,4951,4963,4975,4987,4999,5011,5023,5035,5047,5059,5071,5083,5095,5107,5119,5131,5143,5155,5167,5179,5191,5203,5215,5227,5239,5251,5263,5275,5287,5299,5311,5323,5335,5347,5359,5371,5383,5395,5407,5419,5431,5443,5455,5467,5479,5491,5503,5515

//Inquisitor
1,500,4262,1,1,2,3,4,5,6,7,8,9,10,11,12,13,14,15,16,17,18,19,20,21,22,23,24,25,26,27,28,29,30,31,32,33,34,35,36,37,38,39,40,41,42,43,44,45,46,47,48,49,50,51,52,53,54,55,56,57,58,59,60,61,62,63,64,65,66,67,68,69,70,71,72,73,74,75,76,77,78,79,80,81,82,83,84,85,86,87,88,89,90,91,92,93,94,95,96,97,98,400,410,414,418,422,426,430,434,438,442,446,450,454,458,462,466,470,474,478,482,486,490,494,498,502,506,510,514,518,522,526,530,534,538,542,546,550,554,558,562,566,570,574,578,582,586,590,594,598,602,606,610,614,618,622,626,630,634,638,642,646,650,655,660,665,670,675,681,687,693,699,705,712,719,726,733,740,747,754,761,768,775,782,789,796,803,810,817,824,831,838,845,852,859,866,873,880,887,894,901,908,915,922,929,936,943,950,957,964,971,978,985,992,999,1006,1013,1020,1027,1034,1041,1048,1055,1062,1069,1076,1083,1090,1097,1104,1111,1118,1125,1132,1139,1146,1153,1160,1167,1174,1181,1188,1195,1202,1209,1216,1223,1230,1237,1244,1251,1258,1265,1272,1279,1286,1293,1300,1307,1314,1321,1328,1335,1342,1349,1356,1363,1370,1377,1384,1391,1398,1405,1412,1419,1426,1433,1440,1447,1454,1461,1468,1475,1482,1489,1496,1503,1510,1517,1524,1531,1538,1545,1552,1559,1566,1573,1580,1587,1594,1601,1608,1615,1622,1629,1636,1643,1650,1657,1664,1671,1678,1685,1692,1699,1706,1713,1720,1727,1734,1741,1748,1755,1762,1769,1776,1783,1790,1797,1804,1811,1818,1825,1832,1839,1846,1853,1860,1867,1874,1881,1888,1895,1902,1909,1916,1923,1930,1937,1944,1951,1958,1965,1972,1979,1986,1993,2000,2007,2014,2021,2028,2035,2042,2049,2056,2063,2070,2077,2084,2091,2098,2105,2112,2119,2126,2133,2140,2147,2154,2161,2168,2175,2182,2189,2196,2203,2210,2217,2224,2231,2238,2245,2252,2259,2266,2273,2280,2287,2294,2301,2308,2315,2322,2329,2336,2343,2350,2357,2364,2371,2378,2385,2392,2399,2406,2413,2420,2427,2434,2441,2448,2455,2462,2469,2476,2483,2490,2497,2504,2511,2518,2525,2532,2539,2546,2553,2560,2567,2574,2581,2588,2595,2602,2609,2616,2623,2630,2637,2644,2651,2658,2665,2672,2679,2686,2693,2700,2707,2714,2721,2728,2735,2742,2749,2756,2763,2770,2777,2784,2791,2798,2805,2812,2819,2826,2833,2840,2847,2854,2861,2868,2875,2882,2889,2896,2903,2910,2917,2924,2931,2938,2945,2952,2959,2966,2973,2980,2987,2994,3001,3008,3015

//Troubadour
1,500,4263,1,1,2,3,4,5,6,7,8,9,10,11,12,13,14,15,16,17,18,19,20,21,22,23,24,25,26,27,28,29,30,31,32,33,34,35,36,37,38,39,40,41,42,43,44,45,46,47,48,49,50,51,52,53,54,55,56,57,58,59,60,61,62,63,64,65,66,67,68,69,70,71,72,73,74,75,76,77,78,79,80,81,82,83,84,85,86,87,88,89,90,91,92,93,94,95,96,97,98,400,410,414,418,422,426,430,434,438,442,446,450,454,458,462,466,470,474,478,482,486,490,494,498,502,506,510,514,518,522,526,530,534,538,542,546,550,554,558,562,566,570,574,578,582,586,590,594,598,602,606,610,614,648,702,726,750,774,808,822,846,850,855,860,865,870,875,881,887,893,899,905,912,919,926,933,940,947,954,961,968,975,982,989,996,1003,1010,1017,1024,1031,1038,1045,1052,1059,1066,1073,1080,1087,1094,1101,1108,1115,1122,1129,1136,1143,1150,1157,1164,1171,1178,1185,1192,1199,1206,1213,1220,1227,1234,1241,1248,1255,1262,1269,1276,1283,1290,1297,1304,1311,1318,1325,1332,1339,1346,1353,1360,1367,1374,1381,1388,1395,1402,1409,1416,1423,1430,1437,1444,1451,1458,1465,1472,1479,1486,1493,1500,1507,1514,1521,1528,1535,1542,1549,1556,1563,1570,1577,1584,1591,1598,1605,1612,1619,1626,1633,1640,1647,1654,1661,1668,1675,1682,1689,1696,1703,1710,1717,1724,1731,1738,1745,1752,1759,1766,1773,1780,1787,1794,1801,1808,1815,1822,1829,1836,1843,1850,1857,1864,1871,1878,1885,1892,1899,1906,1913,1920,1927,1934,1941,1948,1955,1962,1969,1976,1983,1990,1997,2004,2011,2018,2025,2032,2039,2046,2053,2060,2067,2074,2081,2088,2095,2102,2109,2116,2123,2130,2137,2144,2151,2158,2165,2172,2179,2186,2193,2200,2207,2214,2221,2228,2235,2242,2249,2256,2263,2270,2277,2284,2291,2298,2305,2312,2319,2326,2333,2340,2347,2354,2361,2368,2375,2382,2389,2396,2403,2410,2417,2424,2431,2438,2445,2452,2459,2466,2473,2480,2487,2494,2501,2508,2515,2522,2529,2536,2543,2550,2557,2564,2571,2578,2585,2592,2599,2606,2613,2620,2627,2634,2641,2648,2655,2662,2669,2676,2683,2690,2697,2704,2711,2718,2725,2732,2739,2746,2753,2760,2767,2774,2781,2788,2795,2802,2809,2816,2823,2830,2837,2844,2851,2858,2865,2872,2879,2886,2893,2900,2907,2914,2921,2928,2935,2942,2949,2956,2963,2970,2977,2984,2991,2998,3005,3012,3019,3026,3033,3040,3047,3054,3061,3068,3075,3082,3089,3096,3103,3110,3117,3124,3131,3138,3145,3152,3159,3166,3173,3180,3187,3194,3201,3208,3215

//Trouvere
1,500,4264,1,1,2,3,4,5,6,7,8,9,10,11,12,13,14,15,16,17,18,19,20,21,22,23,24,25,26,27,28,29,30,31,32,33,34,35,36,37,38,39,40,41,42,43,44,45,46,47,48,49,50,51,52,53,54,55,56,57,58,59,60,61,62,63,64,65,66,67,68,69,70,71,72,73,74,75,76,77,78,79,80,81,82,83,84,85,86,87,88,89,90,91,92,93,94,95,96,97,98,400,410,414,418,422,426,430,434,438,442,446,450,454,458,462,466,470,474,478,482,486,490,494,498,502,506,510,514,518,522,526,530,534,538,542,546,550,554,558,562,566,570,574,578,582,586,590,594,598,602,606,610,614,648,702,726,750,774,808,822,846,850,855,860,865,870,875,881,887,893,899,905,912,919,926,933,940,947,954,961,968,975,982,989,996,1003,1010,1017,1024,1031,1038,1045,1052,1059,1066,1073,1080,1087,1094,1101,1108,1115,1122,1129,1136,1143,1150,1157,1164,1171,1178,1185,1192,1199,1206,1213,1220,1227,1234,1241,1248,1255,1262,1269,1276,1283,1290,1297,1304,1311,1318,1325,1332,1339,1346,1353,1360,1367,1374,1381,1388,1395,1402,1409,1416,1423,1430,1437,1444,1451,1458,1465,1472,1479,1486,1493,1500,1507,1514,1521,1528,1535,1542,1549,1556,1563,1570,1577,1584,1591,1598,1605,1612,1619,1626,1633,1640,1647,1654,1661,1668,1675,1682,1689,1696,1703,1710,1717,1724,1731,1738,1745,1752,1759,1766,1773,1780,1787,1794,1801,1808,1815,1822,1829,1836,1843,1850,1857,1864,1871,1878,1885,1892,1899,1906,1913,1920,1927,1934,1941,1948,1955,1962,1969,1976,1983,1990,1997,2004,2011,2018,2025,2032,2039,2046,2053,2060,2067,2074,2081,2088,2095,2102,2109,2116,2123,2130,2137,2144,2151,2158,2165,2172,2179,2186,2193,2200,2207,2214,2221,2228,2235,2242,2249,2256,2263,2270,2277,2284,2291,2298,2305,2312,2319,2326,2333,2340,2347,2354,2361,2368,2375,2382,2389,2396,2403,2410,2417,2424,2431,2438,2445,2452,2459,2466,2473,2480,2487,2494,2501,2508,2515,2522,2529,2536,2543,2550,2557,2564,2571,2578,2585,2592,2599,2606,2613,2620,2627,2634,2641,2648,2655,2662,2669,2676,2683,2690,2697,2704,2711,2718,2725,2732,2739,2746,2753,2760,2767,2774,2781,2788,2795,2802,2809,2816,2823,2830,2837,2844,2851,2858,2865,2872,2879,2886,2893,2900,2907,2914,2921,2928,2935,2942,2949,2956,2963,2970,2977,2984,2991,2998,3005,3012,3019,3026,3033,3040,3047,3054,3061,3068,3075,3082,3089,3096,3103,3110,3117,3124,3131,3138,3145,3152,3159,3166,3173,3180,3187,3194,3201,3208,3215
